#  E [GeV]   # per interaction [GeV^{-1}]
  1.000000e+00   7.153128e+00
  1.025747e+00   7.024862e+00
  1.052157e+00   6.898529e+00
  1.079247e+00   6.774112e+00
  1.107034e+00   6.651594e+00
  1.135537e+00   6.529807e+00
  1.164773e+00   6.408681e+00
  1.194763e+00   6.289522e+00
  1.225524e+00   6.172307e+00
  1.257078e+00   6.057014e+00
  1.289444e+00   5.941133e+00
  1.322643e+00   5.827104e+00
  1.356697e+00   5.715057e+00
  1.391628e+00   5.604963e+00
  1.427458e+00   5.495337e+00
  1.464210e+00   5.385664e+00
  1.501909e+00   5.278035e+00
  1.540579e+00   5.172415e+00
  1.580244e+00   5.068772e+00
  1.620931e+00   4.964537e+00
  1.662665e+00   4.862019e+00
  1.705473e+00   4.761519e+00
  1.749384e+00   4.663001e+00
  1.794425e+00   4.565474e+00
  1.840626e+00   4.468218e+00
  1.888017e+00   4.372968e+00
  1.936627e+00   4.279685e+00
  1.986490e+00   4.188329e+00
  2.037636e+00   4.096646e+00
  2.090099e+00   4.006474e+00
  2.143912e+00   3.918247e+00
  2.199112e+00   3.831925e+00
  2.255732e+00   3.746653e+00
  2.313810e+00   3.661372e+00
  2.373384e+00   3.578013e+00
  2.434491e+00   3.496531e+00
  2.497172e+00   3.416885e+00
  2.561466e+00   3.337084e+00
  2.627416e+00   3.258565e+00
  2.695064e+00   3.181885e+00
  2.764454e+00   3.107002e+00
  2.835630e+00   3.033163e+00
  2.908639e+00   2.958880e+00
  2.983528e+00   2.886415e+00
  3.060344e+00   2.815724e+00
  3.139139e+00   2.746763e+00
  3.219962e+00   2.677913e+00
  3.302866e+00   2.610164e+00
  3.387905e+00   2.544130e+00
  3.475133e+00   2.479765e+00
  3.564607e+00   2.416644e+00
  3.656385e+00   2.353445e+00
  3.750526e+00   2.291896e+00
  3.847091e+00   2.231954e+00
  3.946141e+00   2.173578e+00
  4.047742e+00   2.115523e+00
  4.151960e+00   2.058391e+00
  4.258860e+00   2.002795e+00
  4.368512e+00   1.948693e+00
  4.480988e+00   1.895843e+00
  4.596360e+00   1.843032e+00
  4.714702e+00   1.791677e+00
  4.836092e+00   1.741740e+00
  4.960606e+00   1.693181e+00
  5.088327e+00   1.645097e+00
  5.219336e+00   1.597788e+00
  5.353717e+00   1.551818e+00
  5.491559e+00   1.507149e+00
  5.632950e+00   1.463636e+00
  5.777982e+00   1.419875e+00
  5.926747e+00   1.377389e+00
  6.079343e+00   1.336141e+00
  6.235867e+00   1.296096e+00
  6.396422e+00   1.256660e+00
  6.561110e+00   1.217919e+00
  6.730039e+00   1.180331e+00
  6.903317e+00   1.143862e+00
  7.081056e+00   1.108473e+00
  7.263372e+00   1.073281e+00
  7.450381e+00   1.039157e+00
  7.642206e+00   1.006071e+00
  7.838969e+00   9.739903e-01
  8.040799e+00   9.425598e-01
  8.247825e+00   9.117483e-01
  8.460181e+00   8.818898e-01
  8.678005e+00   8.529558e-01
  8.901437e+00   8.249187e-01
  9.130622e+00   7.972672e-01
  9.365708e+00   7.704598e-01
  9.606846e+00   7.444959e-01
  9.854193e+00   7.193500e-01
  1.010791e+01   6.948224e-01
  1.036816e+01   6.708396e-01
  1.063510e+01   6.476229e-01
  1.090893e+01   6.251491e-01
  1.118980e+01   6.033955e-01
  1.147790e+01   5.819540e-01
  1.177342e+01   5.611637e-01
  1.207655e+01   5.410505e-01
  1.238749e+01   5.215935e-01
  1.270643e+01   5.027178e-01
  1.303358e+01   4.843684e-01
  1.336915e+01   4.666235e-01
  1.371337e+01   4.494642e-01
  1.406644e+01   4.328723e-01
  1.442861e+01   4.167331e-01
  1.480011e+01   4.011127e-01
  1.518116e+01   3.860139e-01
  1.557203e+01   3.714204e-01
  1.597296e+01   3.572960e-01
  1.638422e+01   3.436020e-01
  1.680606e+01   3.303704e-01
  1.723877e+01   3.175865e-01
  1.768261e+01   3.052362e-01
  1.813789e+01   2.932909e-01
  1.860488e+01   2.817489e-01
  1.908390e+01   2.706014e-01
  1.957525e+01   2.598361e-01
  2.007926e+01   2.494434e-01
  2.059624e+01   2.394168e-01
  2.112653e+01   2.297363e-01
  2.167047e+01   2.203910e-01
  2.222842e+01   2.113701e-01
  2.280073e+01   2.026534e-01
  2.338778e+01   1.942374e-01
  2.398995e+01   1.861162e-01
  2.460761e+01   1.782803e-01
  2.524118e+01   1.707302e-01
  2.589107e+01   1.634869e-01
  2.655768e+01   1.564995e-01
  2.724146e+01   1.497600e-01
  2.794285e+01   1.432602e-01
  2.866229e+01   1.370337e-01
  2.940026e+01   1.310502e-01
  3.015722e+01   1.252806e-01
  3.093368e+01   1.197182e-01
  3.173013e+01   1.143664e-01
  3.254708e+01   1.092734e-01
  3.338507e+01   1.043640e-01
  3.424463e+01   9.963218e-02
  3.512633e+01   9.507218e-02
  3.603073e+01   9.072801e-02
  3.695841e+01   8.657372e-02
  3.790997e+01   8.257083e-02
  3.888604e+01   7.871434e-02
  3.988724e+01   7.500533e-02
  4.091421e+01   7.150340e-02
  4.196763e+01   6.813001e-02
  4.304817e+01   6.488092e-02
  4.415652e+01   6.175202e-02
  4.529342e+01   5.877216e-02
  4.645959e+01   5.592956e-02
  4.765578e+01   5.319262e-02
  4.888277e+01   5.055785e-02
  5.014135e+01   4.802314e-02
  5.143234e+01   4.565443e-02
  5.275657e+01   4.337437e-02
  5.411489e+01   4.118001e-02
  5.550818e+01   3.906849e-02
  5.693735e+01   3.707042e-02
  5.840331e+01   3.518209e-02
  5.990702e+01   3.336520e-02
  6.144944e+01   3.161736e-02
  6.303157e+01   2.993623e-02
  6.465445e+01   2.838029e-02
  6.631910e+01   2.688607e-02
  6.802661e+01   2.544898e-02
  6.977809e+01   2.406709e-02
  7.157467e+01   2.276435e-02
  7.341750e+01   2.154506e-02
  7.530777e+01   2.037263e-02
  7.724672e+01   1.924549e-02
  7.923558e+01   1.816209e-02
  8.127566e+01   1.717044e-02
  8.336826e+01   1.622236e-02
  8.551474e+01   1.531105e-02
  8.771648e+01   1.443527e-02
  8.997491e+01   1.360714e-02
  9.229149e+01   1.283330e-02
  9.466772e+01   1.208973e-02
  9.710512e+01   1.137541e-02
  9.960528e+01   1.068932e-02
  1.021698e+02   1.006334e-02
  1.048004e+02   9.467943e-03
  1.074987e+02   8.896095e-03
  1.102664e+02   8.346989e-03
  1.131055e+02   7.830593e-03
  1.160176e+02   7.357591e-03
  1.190047e+02   6.903401e-03
  1.220687e+02   6.467376e-03
  1.252116e+02   6.048891e-03
  1.284354e+02   5.670407e-03
  1.317422e+02   5.313212e-03
  1.351342e+02   4.970376e-03
  1.386135e+02   4.641404e-03
  1.421823e+02   4.332356e-03
  1.458431e+02   4.054265e-03
  1.495981e+02   3.787405e-03
  1.534498e+02   3.531387e-03
  1.574007e+02   3.285836e-03
  1.614533e+02   3.065536e-03
  1.656102e+02   2.859719e-03
  1.698741e+02   2.662303e-03
  1.742479e+02   2.472996e-03
  1.787342e+02   2.294798e-03
  1.833361e+02   2.136790e-03
  1.880564e+02   1.985269e-03
  1.928983e+02   1.840008e-03
  1.978649e+02   1.700789e-03
  2.029593e+02   1.577498e-03
  2.081849e+02   1.464152e-03
  2.135450e+02   1.355501e-03
  2.190431e+02   1.251383e-03
  2.246828e+02   1.153341e-03
  2.304677e+02   1.069455e-03
  2.364016e+02   9.890541e-04
  2.424882e+02   9.120152e-04
  2.487315e+02   8.382207e-04
  2.551356e+02   7.733778e-04
  2.617045e+02   7.148404e-04
  2.684426e+02   6.587544e-04
  2.753542e+02   6.050337e-04
  2.824438e+02   5.542332e-04
  2.897158e+02   5.123529e-04
  2.971751e+02   4.722258e-04
  3.048265e+02   4.337904e-04
  3.126748e+02   3.969870e-04
  3.207252e+02   3.649055e-04
  3.289829e+02   3.366398e-04
  3.374532e+02   3.095631e-04
  3.461416e+02   2.836336e-04
  3.550537e+02   2.589349e-04
  3.641953e+02   2.397232e-04
  3.735722e+02   2.213127e-04
  3.831905e+02   2.036754e-04
  3.930565e+02   1.867841e-04
  4.031765e+02   1.722958e-04
  4.135571e+02   1.600731e-04
  4.242049e+02   1.483555e-04
  4.351269e+02   1.371252e-04
  4.463301e+02   1.263652e-04
  4.578217e+02   1.183723e-04
  4.696093e+02   1.107735e-04
  4.817003e+02   1.034816e-04
  4.941026e+02   9.648594e-05
  5.068242e+02   9.048203e-05
  5.198734e+02   8.559454e-05
  5.332585e+02   8.089539e-05
  5.469883e+02   7.637822e-05
  5.610716e+02   7.203685e-05
  5.755175e+02   6.928013e-05
  5.903353e+02   6.675104e-05
  6.055346e+02   6.430527e-05
  6.211253e+02   6.194022e-05
  6.371174e+02   6.013216e-05
  6.535212e+02   5.913036e-05
  6.703474e+02   5.814096e-05
  6.876068e+02   5.716398e-05
  7.053106e+02   5.619941e-05
  7.234702e+02   5.612119e-05
  7.420973e+02   5.615798e-05
  7.612041e+02   5.615755e-05
  7.808027e+02   5.612177e-05
  8.009060e+02   5.293238e-05
  8.215269e+02   4.353336e-05
  8.426787e+02   3.457284e-05
  8.643751e+02   2.603472e-05
  8.866302e+02   1.790344e-05
  9.094582e+02   1.330865e-05
  9.328740e+02   9.721250e-06
  9.568926e+02   6.305559e-06
  9.815297e+02   3.055217e-06
  1.006801e+03   -1.000000e-40
  1.032723e+03   -1.000000e-40
  1.059313e+03   -1.000000e-40
  1.086587e+03   -1.000000e-40
  1.114563e+03   -1.000000e-40
  1.143260e+03   -1.000000e-40
  1.172695e+03   -1.000000e-40
  1.202888e+03   -1.000000e-40
  1.233859e+03   -1.000000e-40
  1.265627e+03   -1.000000e-40
  1.298213e+03   -1.000000e-40
  1.331638e+03   -1.000000e-40
  1.365924e+03   -1.000000e-40
  1.401092e+03   -1.000000e-40
  1.437166e+03   -1.000000e-40
  1.474169e+03   -1.000000e-40
  1.512124e+03   -1.000000e-40
  1.551057e+03   -1.000000e-40
  1.590992e+03   -1.000000e-40
  1.631955e+03   -1.000000e-40
  1.673973e+03   -1.000000e-40
  1.717072e+03   -1.000000e-40
  1.761282e+03   -1.000000e-40
  1.806629e+03   -1.000000e-40
  1.853145e+03   -1.000000e-40
  1.900857e+03   -1.000000e-40
  1.949799e+03   -1.000000e-40
  2.000000e+03   -1.000000e-40
