#  E [GeV]   Gammas per Interaction 
  1.000000e+00   1.585846e+01
  1.025747e+00   1.546980e+01
  1.052157e+00   1.509066e+01
  1.079247e+00   1.472080e+01
  1.107034e+00   1.436000e+01
  1.135537e+00   1.400448e+01
  1.164773e+00   1.365385e+01
  1.194763e+00   1.331201e+01
  1.225524e+00   1.297872e+01
  1.257078e+00   1.265377e+01
  1.289444e+00   1.233078e+01
  1.322643e+00   1.201565e+01
  1.356697e+00   1.170858e+01
  1.391628e+00   1.140935e+01
  1.427458e+00   1.111505e+01
  1.464210e+00   1.082457e+01
  1.501909e+00   1.054168e+01
  1.540579e+00   1.026616e+01
  1.580244e+00   9.997835e+00
  1.620931e+00   9.732084e+00
  1.662665e+00   9.472811e+00
  1.705473e+00   9.220422e+00
  1.749384e+00   8.974735e+00
  1.794425e+00   8.734198e+00
  1.840626e+00   8.497654e+00
  1.888017e+00   8.267481e+00
  1.936627e+00   8.043509e+00
  1.986490e+00   7.825573e+00
  2.037636e+00   7.610990e+00
  2.090099e+00   7.401735e+00
  2.143912e+00   7.198190e+00
  2.199112e+00   7.000199e+00
  2.255732e+00   6.806873e+00
  2.313810e+00   6.617143e+00
  2.373384e+00   6.432648e+00
  2.434491e+00   6.253246e+00
  2.497172e+00   6.078798e+00
  2.561466e+00   5.907724e+00
  2.627416e+00   5.740986e+00
  2.695064e+00   5.578897e+00
  2.764454e+00   5.421327e+00
  2.835630e+00   5.267633e+00
  2.908639e+00   5.116633e+00
  2.983528e+00   4.969895e+00
  3.060344e+00   4.827300e+00
  3.139139e+00   4.688732e+00
  3.219962e+00   4.553166e+00
  3.302866e+00   4.421090e+00
  3.387905e+00   4.292776e+00
  3.475133e+00   4.168118e+00
  3.564607e+00   4.046804e+00
  3.656385e+00   3.928040e+00
  3.750526e+00   3.812688e+00
  3.847091e+00   3.700652e+00
  3.946141e+00   3.591839e+00
  4.047742e+00   3.485528e+00
  4.151960e+00   3.381967e+00
  4.258860e+00   3.281409e+00
  4.368512e+00   3.183767e+00
  4.480988e+00   3.088857e+00
  4.596360e+00   2.995991e+00
  4.714702e+00   2.905842e+00
  4.836092e+00   2.818331e+00
  4.960606e+00   2.733382e+00
  5.088327e+00   2.650473e+00
  5.219336e+00   2.569707e+00
  5.353717e+00   2.491326e+00
  5.491559e+00   2.415261e+00
  5.632950e+00   2.341382e+00
  5.777982e+00   2.268843e+00
  5.926747e+00   2.198471e+00
  6.079343e+00   2.130201e+00
  6.235867e+00   2.063974e+00
  6.396422e+00   1.999258e+00
  6.561110e+00   1.936097e+00
  6.730039e+00   1.874846e+00
  6.903317e+00   1.815450e+00
  7.081056e+00   1.757847e+00
  7.263372e+00   1.701121e+00
  7.450381e+00   1.646135e+00
  7.642206e+00   1.592838e+00
  7.838969e+00   1.541179e+00
  8.040799e+00   1.490645e+00
  8.247825e+00   1.441186e+00
  8.460181e+00   1.393271e+00
  8.678005e+00   1.346853e+00
  8.901437e+00   1.301888e+00
  9.130622e+00   1.257345e+00
  9.365708e+00   1.214168e+00
  9.606846e+00   1.172366e+00
  9.854193e+00   1.131898e+00
  1.010791e+01   1.092258e+00
  1.036816e+01   1.053275e+00
  1.063510e+01   1.015561e+00
  1.090893e+01   9.790758e-01
  1.118980e+01   9.437828e-01
  1.147790e+01   9.084236e-01
  1.177342e+01   8.741027e-01
  1.207655e+01   8.409325e-01
  1.238749e+01   8.088766e-01
  1.270643e+01   7.777619e-01
  1.303358e+01   7.474642e-01
  1.336915e+01   7.181975e-01
  1.371337e+01   6.899291e-01
  1.406644e+01   6.626273e-01
  1.442861e+01   6.365399e-01
  1.480011e+01   6.113980e-01
  1.518116e+01   5.871173e-01
  1.557203e+01   5.636703e-01
  1.597296e+01   5.411569e-01
  1.638422e+01   5.196973e-01
  1.680606e+01   4.989740e-01
  1.723877e+01   4.789636e-01
  1.768261e+01   4.596435e-01
  1.813789e+01   4.411807e-01
  1.860488e+01   4.234079e-01
  1.908390e+01   4.062494e-01
  1.957525e+01   3.896855e-01
  2.007926e+01   3.737123e-01
  2.059624e+01   3.583400e-01
  2.112653e+01   3.435039e-01
  2.167047e+01   3.291868e-01
  2.222842e+01   3.153721e-01
  2.280073e+01   3.020017e-01
  2.338778e+01   2.890880e-01
  2.398995e+01   2.766323e-01
  2.460761e+01   2.646198e-01
  2.524118e+01   2.530459e-01
  2.589107e+01   2.419273e-01
  2.655768e+01   2.312074e-01
  2.724146e+01   2.208732e-01
  2.794285e+01   2.109121e-01
  2.866229e+01   2.013634e-01
  2.940026e+01   1.921867e-01
  3.015722e+01   1.833438e-01
  3.093368e+01   1.748237e-01
  3.173013e+01   1.666297e-01
  3.254708e+01   1.588245e-01
  3.338507e+01   1.513061e-01
  3.424463e+01   1.440652e-01
  3.512633e+01   1.370923e-01
  3.603073e+01   1.304500e-01
  3.695841e+01   1.241001e-01
  3.790997e+01   1.179869e-01
  3.888604e+01   1.121023e-01
  3.988724e+01   1.064481e-01
  4.091421e+01   1.011188e-01
  4.196763e+01   9.598996e-02
  4.304817e+01   9.105487e-02
  4.415652e+01   8.630706e-02
  4.529342e+01   8.179293e-02
  4.645959e+01   7.749367e-02
  4.765578e+01   7.335871e-02
  4.888277e+01   6.938250e-02
  5.014135e+01   6.556193e-02
  5.143234e+01   6.201024e-02
  5.275657e+01   5.859555e-02
  5.411489e+01   5.531321e-02
  5.550818e+01   5.215873e-02
  5.693735e+01   4.918892e-02
  5.840331e+01   4.639767e-02
  5.990702e+01   4.371556e-02
  6.144944e+01   4.113887e-02
  6.303157e+01   3.866398e-02
  6.465445e+01   3.639849e-02
  6.631910e+01   3.422688e-02
  6.802661e+01   3.214135e-02
  6.977809e+01   3.013896e-02
  7.157467e+01   2.826368e-02
  7.341750e+01   2.652380e-02
  7.530777e+01   2.485346e-02
  7.724672e+01   2.325026e-02
  7.923558e+01   2.171189e-02
  8.127566e+01   2.032633e-02
  8.336826e+01   1.900619e-02
  8.551474e+01   1.773951e-02
  8.771648e+01   1.652445e-02
  8.997491e+01   1.538906e-02
  9.229149e+01   1.434908e-02
  9.466772e+01   1.335162e-02
  9.710512e+01   1.239519e-02
  9.960528e+01   1.147837e-02
  1.021698e+02   1.067066e-02
  1.048004e+02   9.908996e-03
  1.074987e+02   9.178849e-03
  1.102664e+02   8.479113e-03
  1.131055e+02   7.831182e-03
  1.160176e+02   7.257936e-03
  1.190047e+02   6.708533e-03
  1.220687e+02   6.182138e-03
  1.252116e+02   5.677943e-03
  1.284354e+02   5.241048e-03
  1.317422e+02   4.834642e-03
  1.351342e+02   4.445335e-03
  1.386135e+02   4.072527e-03
  1.421823e+02   3.728042e-03
  1.458431e+02   3.433124e-03
  1.495981e+02   3.150662e-03
  1.534498e+02   2.880217e-03
  1.574007e+02   2.621363e-03
  1.614533e+02   2.401224e-03
  1.656102e+02   2.200469e-03
  1.698741e+02   2.008280e-03
  1.742479e+02   1.824352e-03
  1.787342e+02   1.653863e-03
  1.833361e+02   1.512118e-03
  1.880564e+02   1.376447e-03
  1.928983e+02   1.246634e-03
  1.978649e+02   1.122470e-03
  2.029593e+02   1.018446e-03
  2.081849e+02   9.259572e-04
  2.135450e+02   8.374695e-04
  2.190431e+02   7.528406e-04
  2.246828e+02   6.742097e-04
  2.304677e+02   6.124442e-04
  2.364016e+02   5.533546e-04
  2.424882e+02   4.968456e-04
  2.487315e+02   4.428247e-04
  2.551356e+02   3.980013e-04
  2.617045e+02   3.593281e-04
  2.684426e+02   3.223456e-04
  2.753542e+02   2.869932e-04
  2.824438e+02   2.538639e-04
  2.897158e+02   2.291054e-04
  2.971751e+02   2.054298e-04
  3.048265e+02   1.827984e-04
  3.126748e+02   1.611737e-04
  3.207252e+02   1.433725e-04
  3.289829e+02   1.285888e-04
  3.374532e+02   1.144570e-04
  3.461416e+02   1.009535e-04
  3.550537e+02   8.814523e-05
  3.641953e+02   7.909997e-05
  3.735722e+02   7.045326e-05
  3.831905e+02   6.219079e-05
  3.930565e+02   5.429872e-05
  4.031765e+02   4.784312e-05
  4.135571e+02   4.273928e-05
  4.242049e+02   3.786151e-05
  4.351269e+02   3.320169e-05
  4.463301e+02   2.875194e-05
  4.578217e+02   2.573850e-05
  4.696093e+02   2.289688e-05
  4.817003e+02   2.018171e-05
  4.941026e+02   1.758841e-05
  5.068242e+02   1.544831e-05
  5.198734e+02   1.382118e-05
  5.332585e+02   1.226600e-05
  5.469883e+02   1.078019e-05
  5.610716e+02   9.361236e-06
  5.755175e+02   8.437400e-06
  5.903353e+02   7.595022e-06
  6.055346e+02   6.789616e-06
  6.211253e+02   6.019859e-06
  6.371174e+02   5.379381e-06
  6.535212e+02   4.916843e-06
  6.703474e+02   4.474136e-06
  6.876068e+02   4.050555e-06
  7.053106e+02   3.645420e-06
  7.234702e+02   3.355905e-06
  7.420973e+02   3.095025e-06
  7.612041e+02   2.845127e-06
  7.808027e+02   2.605824e-06
  8.009060e+02   2.389988e-06
  8.215269e+02   2.210236e-06
  8.426787e+02   2.038002e-06
  8.643751e+02   1.873021e-06
  8.866302e+02   1.715039e-06
  9.094582e+02   1.606755e-06
  9.328740e+02   1.513588e-06
  9.568926e+02   1.424086e-06
  9.815297e+02   1.338123e-06
  1.006801e+03   -1.000000e-40
  1.032723e+03   -1.000000e-40
  1.059313e+03   -1.000000e-40
  1.086587e+03   -1.000000e-40
  1.114563e+03   -1.000000e-40
  1.143260e+03   -1.000000e-40
  1.172695e+03   -1.000000e-40
  1.202888e+03   -1.000000e-40
  1.233859e+03   -1.000000e-40
  1.265627e+03   -1.000000e-40
  1.298213e+03   -1.000000e-40
  1.331638e+03   -1.000000e-40
  1.365924e+03   -1.000000e-40
  1.401092e+03   -1.000000e-40
  1.437166e+03   -1.000000e-40
  1.474169e+03   -1.000000e-40
  1.512124e+03   -1.000000e-40
  1.551057e+03   -1.000000e-40
  1.590992e+03   -1.000000e-40
  1.631955e+03   -1.000000e-40
  1.673973e+03   -1.000000e-40
  1.717072e+03   -1.000000e-40
  1.761282e+03   -1.000000e-40
  1.806629e+03   -1.000000e-40
  1.853145e+03   -1.000000e-40
  1.900857e+03   -1.000000e-40
  1.949799e+03   -1.000000e-40
  2.000000e+03   -1.000000e-40
