#  E [GeV]   # per interaction [GeV^{-1}]
  1.000000e+00   7.747099e+00
  1.025747e+00   7.611424e+00
  1.052157e+00   7.477679e+00
  1.079247e+00   7.345853e+00
  1.107034e+00   7.215933e+00
  1.135537e+00   7.086585e+00
  1.164773e+00   6.957736e+00
  1.194763e+00   6.830890e+00
  1.225524e+00   6.706029e+00
  1.257078e+00   6.583132e+00
  1.289444e+00   6.459589e+00
  1.322643e+00   6.337945e+00
  1.356697e+00   6.218339e+00
  1.391628e+00   6.100743e+00
  1.427458e+00   5.983391e+00
  1.464210e+00   5.865674e+00
  1.501909e+00   5.750097e+00
  1.540579e+00   5.636626e+00
  1.580244e+00   5.525229e+00
  1.620931e+00   5.413212e+00
  1.662665e+00   5.302998e+00
  1.705473e+00   5.194907e+00
  1.749384e+00   5.088900e+00
  1.794425e+00   4.983804e+00
  1.840626e+00   4.878767e+00
  1.888017e+00   4.775863e+00
  1.936627e+00   4.675050e+00
  1.986490e+00   4.576290e+00
  2.037636e+00   4.476942e+00
  2.090099e+00   4.379167e+00
  2.143912e+00   4.283480e+00
  2.199112e+00   4.189838e+00
  2.255732e+00   4.097274e+00
  2.313810e+00   4.004593e+00
  2.373384e+00   3.913984e+00
  2.434491e+00   3.825401e+00
  2.497172e+00   3.738799e+00
  2.561466e+00   3.651835e+00
  2.627416e+00   3.566209e+00
  2.695064e+00   3.482580e+00
  2.764454e+00   3.400902e+00
  2.835630e+00   3.320318e+00
  2.908639e+00   3.239129e+00
  2.983528e+00   3.159923e+00
  3.060344e+00   3.082652e+00
  3.139139e+00   3.007270e+00
  3.219962e+00   2.931836e+00
  3.302866e+00   2.857545e+00
  3.387905e+00   2.785135e+00
  3.475133e+00   2.714560e+00
  3.564607e+00   2.645352e+00
  3.656385e+00   2.576065e+00
  3.750526e+00   2.508590e+00
  3.847091e+00   2.442879e+00
  3.946141e+00   2.378886e+00
  4.047742e+00   2.315206e+00
  4.151960e+00   2.252520e+00
  4.258860e+00   2.191522e+00
  4.368512e+00   2.132167e+00
  4.480988e+00   2.074170e+00
  4.596360e+00   2.016084e+00
  4.714702e+00   1.959607e+00
  4.836092e+00   1.904695e+00
  4.960606e+00   1.851306e+00
  5.088327e+00   1.798390e+00
  5.219336e+00   1.746298e+00
  5.353717e+00   1.695688e+00
  5.491559e+00   1.646519e+00
  5.632950e+00   1.598625e+00
  5.777982e+00   1.550397e+00
  5.926747e+00   1.503583e+00
  6.079343e+00   1.458142e+00
  6.235867e+00   1.414035e+00
  6.396422e+00   1.370546e+00
  6.561110e+00   1.327781e+00
  6.730039e+00   1.286300e+00
  6.903317e+00   1.246065e+00
  7.081056e+00   1.207031e+00
  7.263372e+00   1.168190e+00
  7.450381e+00   1.130539e+00
  7.642206e+00   1.094042e+00
  7.838969e+00   1.058665e+00
  8.040799e+00   1.023987e+00
  8.247825e+00   9.899727e-01
  8.460181e+00   9.570209e-01
  8.678005e+00   9.250995e-01
  8.901437e+00   8.941777e-01
  9.130622e+00   8.636141e-01
  9.365708e+00   8.339907e-01
  9.606846e+00   8.053104e-01
  9.854193e+00   7.775444e-01
  1.010791e+01   7.504489e-01
  1.036816e+01   7.239355e-01
  1.063510e+01   6.982803e-01
  1.090893e+01   6.734569e-01
  1.118980e+01   6.494397e-01
  1.147790e+01   6.258389e-01
  1.177342e+01   6.029712e-01
  1.207655e+01   5.808572e-01
  1.238749e+01   5.594734e-01
  1.270643e+01   5.387410e-01
  1.303358e+01   5.186012e-01
  1.336915e+01   4.991331e-01
  1.371337e+01   4.803156e-01
  1.406644e+01   4.621282e-01
  1.442861e+01   4.445011e-01
  1.480011e+01   4.274581e-01
  1.518116e+01   4.109907e-01
  1.557203e+01   3.950806e-01
  1.597296e+01   3.797032e-01
  1.638422e+01   3.648333e-01
  1.680606e+01   3.504706e-01
  1.723877e+01   3.365991e-01
  1.768261e+01   3.232031e-01
  1.813789e+01   3.102700e-01
  1.860488e+01   2.977832e-01
  1.908390e+01   2.857278e-01
  1.957525e+01   2.740899e-01
  2.007926e+01   2.628658e-01
  2.059624e+01   2.520606e-01
  2.112653e+01   2.416322e-01
  2.167047e+01   2.315685e-01
  2.222842e+01   2.218578e-01
  2.280073e+01   2.124757e-01
  2.338778e+01   2.034198e-01
  2.398995e+01   1.946846e-01
  2.460761e+01   1.862598e-01
  2.524118e+01   1.781498e-01
  2.589107e+01   1.703891e-01
  2.655768e+01   1.629058e-01
  2.724146e+01   1.556909e-01
  2.794285e+01   1.487355e-01
  2.866229e+01   1.420903e-01
  2.940026e+01   1.357143e-01
  3.015722e+01   1.295689e-01
  3.093368e+01   1.236465e-01
  3.173013e+01   1.179528e-01
  3.254708e+01   1.125495e-01
  3.338507e+01   1.073431e-01
  3.424463e+01   1.023272e-01
  3.512633e+01   9.749544e-02
  3.603073e+01   9.289999e-02
  3.695841e+01   8.851095e-02
  3.790997e+01   8.428372e-02
  3.888604e+01   8.021294e-02
  3.988724e+01   7.630034e-02
  4.091421e+01   7.261638e-02
  4.196763e+01   6.906929e-02
  4.304817e+01   6.565451e-02
  4.415652e+01   6.236764e-02
  4.529342e+01   5.924979e-02
  4.645959e+01   5.628584e-02
  4.765578e+01   5.343336e-02
  4.888277e+01   5.068861e-02
  5.014135e+01   4.804953e-02
  5.143234e+01   4.559395e-02
  5.275657e+01   4.323137e-02
  5.411489e+01   4.095867e-02
  5.550818e+01   3.877282e-02
  5.693735e+01   3.671050e-02
  5.840331e+01   3.476763e-02
  5.990702e+01   3.289917e-02
  6.144944e+01   3.110261e-02
  6.303157e+01   2.937550e-02
  6.465445e+01   2.778748e-02
  6.631910e+01   2.626360e-02
  6.802661e+01   2.479872e-02
  6.977809e+01   2.339082e-02
  7.157467e+01   2.206763e-02
  7.341750e+01   2.083427e-02
  7.530777e+01   1.964893e-02
  7.724672e+01   1.850996e-02
  7.923558e+01   1.741579e-02
  8.127566e+01   1.641818e-02
  8.336826e+01   1.546531e-02
  8.551474e+01   1.454993e-02
  8.771648e+01   1.367076e-02
  8.997491e+01   1.284422e-02
  9.229149e+01   1.207947e-02
  9.466772e+01   1.134502e-02
  9.710512e+01   1.063983e-02
  9.960528e+01   9.962889e-03
  1.021698e+02   9.350843e-03
  1.048004e+02   8.770001e-03
  1.074987e+02   8.212426e-03
  1.102664e+02   7.677318e-03
  1.131055e+02   7.176176e-03
  1.160176e+02   6.721324e-03
  1.190047e+02   6.284784e-03
  1.220687e+02   5.865924e-03
  1.252116e+02   5.464131e-03
  1.284354e+02   5.104558e-03
  1.317422e+02   4.766400e-03
  1.351342e+02   4.442002e-03
  1.386135e+02   4.130886e-03
  1.421823e+02   3.839717e-03
  1.458431e+02   3.580569e-03
  1.495981e+02   3.332011e-03
  1.534498e+02   3.093675e-03
  1.574007e+02   2.865204e-03
  1.614533e+02   2.662484e-03
  1.656102e+02   2.474021e-03
  1.698741e+02   2.293341e-03
  1.742479e+02   2.120173e-03
  1.787342e+02   1.957595e-03
  1.833361e+02   1.814875e-03
  1.880564e+02   1.678086e-03
  1.928983e+02   1.547020e-03
  1.978649e+02   1.421477e-03
  2.029593e+02   1.311051e-03
  2.081849e+02   1.209950e-03
  2.135450e+02   1.113099e-03
  2.190431e+02   1.020347e-03
  2.246828e+02   9.332517e-04
  2.304677e+02   8.598916e-04
  2.364016e+02   7.896263e-04
  2.424882e+02   7.223467e-04
  2.487315e+02   6.579470e-04
  2.551356e+02   6.018979e-04
  2.617045e+02   5.516735e-04
  2.684426e+02   5.035912e-04
  2.753542e+02   4.575750e-04
  2.824438e+02   4.141460e-04
  2.897158e+02   3.788934e-04
  2.971751e+02   3.451495e-04
  3.048265e+02   3.128609e-04
  3.126748e+02   2.819757e-04
  3.207252e+02   2.554090e-04
  3.289829e+02   2.323110e-04
  3.374532e+02   2.102116e-04
  3.461416e+02   1.890753e-04
  3.550537e+02   1.689664e-04
  3.641953e+02   1.532665e-04
  3.735722e+02   1.382483e-04
  3.831905e+02   1.238874e-04
  3.930565e+02   1.101604e-04
  4.031765e+02   9.844628e-05
  4.135571e+02   8.862982e-05
  4.242049e+02   7.924413e-05
  4.351269e+02   7.027378e-05
  4.463301e+02   6.170383e-05
  4.578217e+02   5.540934e-05
  4.696093e+02   4.945119e-05
  4.817003e+02   4.375723e-05
  4.941026e+02   3.831796e-05
  5.068242e+02   3.372262e-05
  5.198734e+02   3.007648e-05
  5.332585e+02   2.659212e-05
  5.469883e+02   2.326374e-05
  5.610716e+02   2.008569e-05
  5.755175e+02   1.781050e-05
  5.903353e+02   1.570899e-05
  6.055346e+02   1.370175e-05
  6.211253e+02   1.178539e-05
  6.371174e+02   1.017657e-05
  6.535212e+02   8.987751e-06
  6.703474e+02   7.852201e-06
  6.876068e+02   6.767995e-06
  7.053106e+02   5.733270e-06
  7.234702e+02   5.001385e-06
  7.420973e+02   4.345397e-06
  7.612041e+02   3.719188e-06
  7.808027e+02   3.121679e-06
  8.009060e+02   2.612066e-06
  8.215269e+02   2.248381e-06
  8.426787e+02   1.901308e-06
  8.643751e+02   1.570242e-06
  8.866302e+02   1.254598e-06
  9.094582e+02   1.078960e-06
  9.328740e+02   9.427093e-07
  9.568926e+02   8.126192e-07
  9.815297e+02   6.884658e-07
  1.006801e+03   -1.000000e-40
  1.032723e+03   -1.000000e-40
  1.059313e+03   -1.000000e-40
  1.086587e+03   -1.000000e-40
  1.114563e+03   -1.000000e-40
  1.143260e+03   -1.000000e-40
  1.172695e+03   -1.000000e-40
  1.202888e+03   -1.000000e-40
  1.233859e+03   -1.000000e-40
  1.265627e+03   -1.000000e-40
  1.298213e+03   -1.000000e-40
  1.331638e+03   -1.000000e-40
  1.365924e+03   -1.000000e-40
  1.401092e+03   -1.000000e-40
  1.437166e+03   -1.000000e-40
  1.474169e+03   -1.000000e-40
  1.512124e+03   -1.000000e-40
  1.551057e+03   -1.000000e-40
  1.590992e+03   -1.000000e-40
  1.631955e+03   -1.000000e-40
  1.673973e+03   -1.000000e-40
  1.717072e+03   -1.000000e-40
  1.761282e+03   -1.000000e-40
  1.806629e+03   -1.000000e-40
  1.853145e+03   -1.000000e-40
  1.900857e+03   -1.000000e-40
  1.949799e+03   -1.000000e-40
  2.000000e+03   -1.000000e-40
