#  E [GeV]   Gammas per Interaction 
  1.000000e-02   1.196494e+01
  1.025747e-02   1.267392e+01
  1.052157e-02   1.333977e+01
  1.079247e-02   1.396421e+01
  1.107034e-02   1.454889e+01
  1.135537e-02   1.530965e+01
  1.164773e-02   1.625750e+01
  1.194763e-02   1.714812e+01
  1.225524e-02   1.798379e+01
  1.257078e-02   1.876671e+01
  1.289444e-02   2.014982e+01
  1.322643e-02   2.149057e+01
  1.356697e-02   2.275133e+01
  1.391628e-02   2.393525e+01
  1.427458e-02   2.517476e+01
  1.464210e-02   2.651596e+01
  1.501909e-02   2.777396e+01
  1.540579e-02   2.895211e+01
  1.580244e-02   3.005361e+01
  1.620931e-02   3.125655e+01
  1.662665e-02   3.240244e+01
  1.705473e-02   3.347112e+01
  1.749384e-02   3.446574e+01
  1.794425e-02   3.546312e+01
  1.840626e-02   3.651911e+01
  1.888017e-02   3.749973e+01
  1.936627e-02   3.840812e+01
  1.986490e-02   3.924729e+01
  2.037636e-02   4.021004e+01
  2.090099e-02   4.113855e+01
  2.143912e-02   4.199511e+01
  2.199112e-02   4.278276e+01
  2.255732e-02   4.357961e+01
  2.313810e-02   4.448240e+01
  2.373384e-02   4.531241e+01
  2.434491e-02   4.607272e+01
  2.497172e-02   4.676632e+01
  2.561466e-02   4.758995e+01
  2.627416e-02   4.839958e+01
  2.695064e-02   4.913859e+01
  2.764454e-02   4.981000e+01
  2.835630e-02   5.046370e+01
  2.908639e-02   5.119817e+01
  2.983528e-02   5.186397e+01
  3.060344e-02   5.246409e+01
  3.139139e-02   5.300141e+01
  3.219962e-02   5.363269e+01
  3.302866e-02   5.425989e+01
  3.387905e-02   5.482181e+01
  3.475133e-02   5.532133e+01
  3.564607e-02   5.579696e+01
  3.656385e-02   5.637019e+01
  3.750526e-02   5.687949e+01
  3.847091e-02   5.732770e+01
  3.946141e-02   5.771758e+01
  4.047742e-02   5.816452e+01
  4.151960e-02   5.861100e+01
  4.258860e-02   5.899841e+01
  4.368512e-02   5.932944e+01
  4.480988e-02   5.962570e+01
  4.596360e-02   6.000014e+01
  4.714702e-02   6.031821e+01
  4.836092e-02   6.058251e+01
  4.960606e-02   6.079554e+01
  5.088327e-02   6.103362e+01
  5.219336e-02   6.127037e+01
  5.353717e-02   6.145679e+01
  5.491559e-02   6.159524e+01
  5.632950e-02   6.169290e+01
  5.777982e-02   6.181340e+01
  5.926747e-02   6.188899e+01
  6.079343e-02   6.192183e+01
  6.235867e-02   6.191404e+01
  6.396422e-02   6.190029e+01
  6.561110e-02   6.187562e+01
  6.730039e-02   6.181318e+01
  6.903317e-02   6.171489e+01
  7.081056e-02   6.158283e+01
  7.263372e-02   6.144439e+01
  7.450381e-02   6.127410e+01
  7.642206e-02   6.107364e+01
  7.838969e-02   6.084465e+01
  8.040799e-02   6.057717e+01
  8.247825e-02   6.027263e+01
  8.460181e-02   5.994522e+01
  8.678005e-02   5.959627e+01
  8.901437e-02   5.922707e+01
  9.130622e-02   5.875557e+01
  9.365708e-02   5.826625e+01
  9.606846e-02   5.776448e+01
  9.854193e-02   5.725119e+01
  1.010791e-01   5.665861e+01
  1.036816e-01   5.596809e+01
  1.063510e-01   5.527655e+01
  1.090893e-01   5.458446e+01
  1.118980e-01   5.389229e+01
  1.147790e-01   5.285867e+01
  1.177342e-01   5.180318e+01
  1.207655e-01   5.076739e+01
  1.238749e-01   4.975095e+01
  1.270643e-01   4.862913e+01
  1.303358e-01   4.732074e+01
  1.336915e-01   4.604740e+01
  1.371337e-01   4.480817e+01
  1.406644e-01   4.360214e+01
  1.442861e-01   4.242078e+01
  1.480011e-01   4.126979e+01
  1.518116e-01   4.014985e+01
  1.557203e-01   3.906014e+01
  1.597296e-01   3.802282e+01
  1.638422e-01   3.706364e+01
  1.680606e-01   3.612866e+01
  1.723877e-01   3.521727e+01
  1.768261e-01   3.432886e+01
  1.813789e-01   3.349073e+01
  1.860488e-01   3.268081e+01
  1.908390e-01   3.189044e+01
  1.957525e-01   3.111917e+01
  2.007926e-01   3.035639e+01
  2.059624e-01   2.958251e+01
  2.112653e-01   2.882834e+01
  2.167047e-01   2.809340e+01
  2.222842e-01   2.737720e+01
  2.280073e-01   2.663064e+01
  2.338778e-01   2.588588e+01
  2.398995e-01   2.516172e+01
  2.460761e-01   2.445762e+01
  2.524118e-01   2.376325e+01
  2.589107e-01   2.304807e+01
  2.655768e-01   2.235382e+01
  2.724146e-01   2.167991e+01
  2.794285e-01   2.102574e+01
  2.866229e-01   2.036273e+01
  2.940026e-01   1.970582e+01
  3.015722e-01   1.906906e+01
  3.093368e-01   1.845185e+01
  3.173013e-01   1.784874e+01
  3.254708e-01   1.723346e+01
  3.338507e-01   1.663782e+01
  3.424463e-01   1.606123e+01
  3.512633e-01   1.550310e+01
  3.603073e-01   1.494512e+01
  3.695841e-01   1.439406e+01
  3.790997e-01   1.386126e+01
  3.888604e-01   1.334613e+01
  3.988724e-01   1.284649e+01
  4.091421e-01   1.234398e+01
  4.196763e-01   1.185862e+01
  4.304817e-01   1.138984e+01
  4.415652e-01   1.093712e+01
  4.529342e-01   1.048712e+01
  4.645959e-01   1.004246e+01
  4.765578e-01   9.613517e+00
  4.888277e-01   9.199777e+00
  5.014135e-01   8.800575e+00
  5.143234e-01   8.406183e+00
  5.275657e-01   8.026044e+00
  5.411489e-01   7.659693e+00
  5.550818e-01   7.306677e+00
  5.693735e-01   6.963990e+00
  5.840331e-01   6.631288e+00
  5.990702e-01   6.310899e+00
  6.144944e-01   6.002417e+00
  6.303157e-01   5.705445e+00
  6.465445e-01   5.417778e+00
  6.631910e-01   5.140884e+00
  6.802661e-01   4.874476e+00
  6.977809e-01   4.618204e+00
  7.157467e-01   4.372193e+00
  7.341750e-01   4.136224e+00
  7.530777e-01   3.909347e+00
  7.724672e-01   3.691253e+00
  7.923558e-01   3.481645e+00
  8.127566e-01   3.283717e+00
  8.336826e-01   3.093900e+00
  8.551474e-01   2.911543e+00
  8.771648e-01   2.736391e+00
  8.997491e-01   2.569471e+00
  9.229149e-01   2.411289e+00
  9.466772e-01   2.259429e+00
  9.710512e-01   2.113673e+00
  9.960528e-01   1.973812e+00
  1.021698e+00   1.846206e+00
  1.048004e+00   1.724942e+00
  1.074987e+00   1.608603e+00
  1.102664e+00   1.497017e+00
  1.131055e+00   1.392523e+00
  1.160176e+00   1.297627e+00
  1.190047e+00   1.206617e+00
  1.220687e+00   1.119359e+00
  1.252116e+00   1.035721e+00
  1.284354e+00   9.613444e-01
  1.317422e+00   8.915747e-01
  1.351342e+00   8.247018e-01
  1.386135e+00   7.606243e-01
  1.421823e+00   7.009342e-01
  1.458431e+00   6.485066e-01
  1.495981e+00   5.982693e-01
  1.534498e+00   5.501455e-01
  1.574007e+00   5.040605e-01
  1.614533e+00   4.639194e-01
  1.656102e+00   4.269181e-01
  1.698741e+00   3.914820e-01
  1.742479e+00   3.575559e-01
  1.787342e+00   3.259505e-01
  1.833361e+00   2.990772e-01
  1.880564e+00   2.733476e-01
  1.928983e+00   2.487212e-01
  1.978649e+00   2.251589e-01
  2.029593e+00   2.051154e-01
  2.081849e+00   1.871272e-01
  2.135450e+00   1.699129e-01
  2.190431e+00   1.534448e-01
  2.246828e+00   1.380982e-01
  2.304677e+00   1.257883e-01
  2.364016e+00   1.140094e-01
  2.424882e+00   1.027425e-01
  2.487315e+00   9.196948e-02
  2.551356e+00   8.292329e-02
  2.617045e+00   7.504214e-02
  2.684426e+00   6.750438e-02
  2.753542e+00   6.029775e-02
  2.824438e+00   5.353375e-02
  2.897158e+00   4.837594e-02
  2.971751e+00   4.344333e-02
  3.048265e+00   3.872786e-02
  3.126748e+00   3.422174e-02
  3.207252e+00   3.046794e-02
  3.289829e+00   2.731041e-02
  3.374532e+00   2.429220e-02
  3.461416e+00   2.140831e-02
  3.550537e+00   1.867112e-02
  3.641953e+00   1.667209e-02
  3.735722e+00   1.476164e-02
  3.831905e+00   1.293660e-02
  3.930565e+00   1.119387e-02
  4.031765e+00   9.760892e-03
  4.135571e+00   8.619452e-03
  4.242049e+00   7.529164e-03
  4.351269e+00   6.488179e-03
  4.463301e+00   5.494709e-03
  4.578217e+00   4.828312e-03
  4.696093e+00   4.200723e-03
  4.817003e+00   3.601597e-03
  4.941026e+00   3.029901e-03
  5.068242e+00   2.566574e-03
  5.198734e+00   2.226277e-03
  5.332585e+00   1.901447e-03
  5.469883e+00   1.591521e-03
  5.610716e+00   1.295956e-03
  5.755175e+00   1.109499e-03
  5.903353e+00   9.406519e-04
  6.055346e+00   7.795818e-04
  6.211253e+00   6.260051e-04
  6.371174e+00   5.046182e-04
  6.535212e+00   4.282838e-04
  6.703474e+00   3.554635e-04
  6.876068e+00   2.860290e-04
  7.053106e+00   2.198563e-04
  7.234702e+00   1.836760e-04
  7.420973e+00   1.536737e-04
  7.612041e+00   1.250619e-04
  7.808027e+00   9.778964e-05
  8.009060e+00   7.611918e-05
  8.215269e+00   6.422839e-05
  8.426787e+00   5.288658e-05
  8.643751e+00   4.207367e-05
  8.866302e+00   3.177027e-05
  9.094582e+00   2.686461e-05
  9.328740e+00   2.341484e-05
  9.568926e+00   2.012133e-05
  9.815297e+00   1.697841e-05
  1.006801e+01   -1.000000e-40
  1.032723e+01   -1.000000e-40
  1.059313e+01   -1.000000e-40
  1.086587e+01   -1.000000e-40
  1.114563e+01   -1.000000e-40
  1.143260e+01   -1.000000e-40
  1.172695e+01   -1.000000e-40
  1.202888e+01   -1.000000e-40
  1.233859e+01   -1.000000e-40
  1.265627e+01   -1.000000e-40
  1.298213e+01   -1.000000e-40
  1.331638e+01   -1.000000e-40
  1.365924e+01   -1.000000e-40
  1.401092e+01   -1.000000e-40
  1.437166e+01   -1.000000e-40
  1.474169e+01   -1.000000e-40
  1.512124e+01   -1.000000e-40
  1.551057e+01   -1.000000e-40
  1.590992e+01   -1.000000e-40
  1.631955e+01   -1.000000e-40
  1.673973e+01   -1.000000e-40
  1.717072e+01   -1.000000e-40
  1.761282e+01   -1.000000e-40
  1.806629e+01   -1.000000e-40
  1.853145e+01   -1.000000e-40
  1.900857e+01   -1.000000e-40
  1.949799e+01   -1.000000e-40
  2.000000e+01   -1.000000e-40
