#  E [GeV]   Gammas per Interaction 
  1.000000e-01   4.713083e+01
  1.025747e-01   4.689006e+01
  1.052157e-01   4.663168e+01
  1.079247e-01   4.635673e+01
  1.107034e-01   4.606620e+01
  1.135537e-01   4.576910e+01
  1.164773e-01   4.546669e+01
  1.194763e-01   4.515063e+01
  1.225524e-01   4.482180e+01
  1.257078e-01   4.448102e+01
  1.289444e-01   4.413709e+01
  1.322643e-01   4.378287e+01
  1.356697e-01   4.341864e+01
  1.391628e-01   4.304510e+01
  1.427458e-01   4.265755e+01
  1.464210e-01   4.225485e+01
  1.501909e-01   4.184549e+01
  1.540579e-01   4.143007e+01
  1.580244e-01   4.100913e+01
  1.620931e-01   4.057582e+01
  1.662665e-01   4.013749e+01
  1.705473e-01   3.969560e+01
  1.749384e-01   3.925060e+01
  1.794425e-01   3.879880e+01
  1.840626e-01   3.833766e+01
  1.888017e-01   3.787523e+01
  1.936627e-01   3.741185e+01
  1.986490e-01   3.694787e+01
  2.037636e-01   3.647030e+01
  2.090099e-01   3.599069e+01
  2.143912e-01   3.551219e+01
  2.199112e-01   3.503503e+01
  2.255732e-01   3.455330e+01
  2.313810e-01   3.405953e+01
  2.373384e-01   3.356878e+01
  2.434491e-01   3.308121e+01
  2.497172e-01   3.259697e+01
  2.561466e-01   3.209882e+01
  2.627416e-01   3.160006e+01
  2.695064e-01   3.110612e+01
  2.764454e-01   3.061706e+01
  2.835630e-01   3.012582e+01
  2.908639e-01   2.961793e+01
  2.983528e-01   2.911655e+01
  3.060344e-01   2.862168e+01
  3.139139e-01   2.813331e+01
  3.219962e-01   2.763580e+01
  3.302866e-01   2.713935e+01
  3.387905e-01   2.665041e+01
  3.475133e-01   2.616891e+01
  3.564607e-01   2.569077e+01
  3.656385e-01   2.520247e+01
  3.750526e-01   2.472250e+01
  3.847091e-01   2.425075e+01
  3.946141e-01   2.378711e+01
  4.047742e-01   2.331755e+01
  4.151960e-01   2.284939e+01
  4.258860e-01   2.239004e+01
  4.368512e-01   2.193935e+01
  4.480988e-01   2.149468e+01
  4.596360e-01   2.104133e+01
  4.714702e-01   2.059720e+01
  4.836092e-01   2.016211e+01
  4.960606e-01   1.973588e+01
  5.088327e-01   1.930796e+01
  5.219336e-01   1.888222e+01
  5.353717e-01   1.846568e+01
  5.491559e-01   1.805816e+01
  5.632950e-01   1.765810e+01
  5.777982e-01   1.724824e+01
  5.926747e-01   1.684783e+01
  6.079343e-01   1.645666e+01
  6.235867e-01   1.607450e+01
  6.396422e-01   1.569247e+01
  6.561110e-01   1.531219e+01
  6.730039e-01   1.494111e+01
  6.903317e-01   1.457902e+01
  7.081056e-01   1.422555e+01
  7.263372e-01   1.386478e+01
  7.450381e-01   1.351316e+01
  7.642206e-01   1.317046e+01
  7.838969e-01   1.283644e+01
  8.040799e-01   1.250294e+01
  8.247825e-01   1.216968e+01
  8.460181e-01   1.184528e+01
  8.678005e-01   1.152949e+01
  8.901437e-01   1.122210e+01
  9.130622e-01   1.090657e+01
  9.365708e-01   1.059900e+01
  9.606846e-01   1.029999e+01
  9.854193e-01   1.000932e+01
  1.010791e+00   9.718986e+00
  1.036816e+00   9.426554e+00
  1.063510e+00   9.142680e+00
  1.090893e+00   8.867117e+00
  1.118980e+00   8.599628e+00
  1.147790e+00   8.316831e+00
  1.177342e+00   8.040117e+00
  1.207655e+00   7.772055e+00
  1.238749e+00   7.512384e+00
  1.270643e+00   7.255660e+00
  1.303358e+00   6.998261e+00
  1.336915e+00   6.749213e+00
  1.371337e+00   6.508258e+00
  1.406644e+00   6.275147e+00
  1.442861e+00   6.049007e+00
  1.480011e+00   5.830145e+00
  1.518116e+00   5.618459e+00
  1.557203e+00   5.413727e+00
  1.597296e+00   5.216662e+00
  1.638422e+00   5.028129e+00
  1.680606e+00   4.845774e+00
  1.723877e+00   4.669405e+00
  1.768261e+00   4.498838e+00
  1.813789e+00   4.335261e+00
  1.860488e+00   4.177443e+00
  1.908390e+00   4.024816e+00
  1.957525e+00   3.877219e+00
  2.007926e+00   3.734124e+00
  2.059624e+00   3.594675e+00
  2.112653e+00   3.459874e+00
  2.167047e+00   3.329575e+00
  2.222842e+00   3.203637e+00
  2.280073e+00   3.079648e+00
  2.338778e+00   2.959002e+00
  2.398995e+00   2.842472e+00
  2.460761e+00   2.729927e+00
  2.524118e+00   2.621005e+00
  2.589107e+00   2.514853e+00
  2.655768e+00   2.412379e+00
  2.724146e+00   2.313465e+00
  2.794285e+00   2.217997e+00
  2.866229e+00   2.125351e+00
  2.940026e+00   2.035704e+00
  3.015722e+00   1.949218e+00
  3.093368e+00   1.865792e+00
  3.173013e+00   1.785290e+00
  3.254708e+00   1.707431e+00
  3.338507e+00   1.632356e+00
  3.424463e+00   1.559974e+00
  3.512633e+00   1.490197e+00
  3.603073e+00   1.423025e+00
  3.695841e+00   1.358340e+00
  3.790997e+00   1.296007e+00
  3.888604e+00   1.235947e+00
  3.988724e+00   1.178113e+00
  4.091421e+00   1.122747e+00
  4.196763e+00   1.069417e+00
  4.304817e+00   1.018057e+00
  4.415652e+00   9.686018e-01
  4.529342e+00   9.210594e-01
  4.645959e+00   8.753513e-01
  4.765578e+00   8.313575e-01
  4.888277e+00   7.890207e-01
  5.014135e+00   7.482998e-01
  5.143234e+00   7.098935e-01
  5.275657e+00   6.729439e-01
  5.411489e+00   6.374019e-01
  5.550818e+00   6.032202e-01
  5.693735e+00   5.707578e-01
  5.840331e+00   5.399579e-01
  5.990702e+00   5.103446e-01
  6.144944e+00   4.818777e-01
  6.303157e+00   4.545183e-01
  6.465445e+00   4.290817e-01
  6.631910e+00   4.046703e-01
  6.802661e+00   3.812141e-01
  6.977809e+00   3.586804e-01
  7.157467e+00   3.374409e-01
  7.341750e+00   3.175603e-01
  7.530777e+00   2.984652e-01
  7.724672e+00   2.801285e-01
  7.923558e+00   2.625244e-01
  8.127566e+00   2.464435e-01
  8.336826e+00   2.310907e-01
  8.551474e+00   2.163533e-01
  8.771648e+00   2.022102e-01
  8.997491e+00   1.889201e-01
  9.229149e+00   1.766268e-01
  9.466772e+00   1.648317e-01
  9.710512e+00   1.535174e-01
  9.960528e+00   1.426673e-01
  1.021698e+01   1.329692e-01
  1.048004e+01   1.237946e-01
  1.074987e+01   1.149969e-01
  1.102664e+01   1.065627e-01
  1.131055e+01   9.871806e-02
  1.160176e+01   9.170447e-02
  1.190047e+01   8.498078e-02
  1.220687e+01   7.853684e-02
  1.252116e+01   7.236286e-02
  1.284354e+01   6.695717e-02
  1.317422e+01   6.191154e-02
  1.351342e+01   5.707701e-02
  1.386135e+01   5.244618e-02
  1.421823e+01   4.815319e-02
  1.458431e+01   4.443940e-02
  1.495981e+01   4.088171e-02
  1.534498e+01   3.747462e-02
  1.574007e+01   3.421281e-02
  1.614533e+01   3.141205e-02
  1.656102e+01   2.884671e-02
  1.698741e+01   2.639037e-02
  1.742479e+01   2.403917e-02
  1.787342e+01   2.185348e-02
  1.833361e+01   2.001242e-02
  1.880564e+01   1.825001e-02
  1.928983e+01   1.656348e-02
  1.978649e+01   1.495010e-02
  2.029593e+01   1.358834e-02
  2.081849e+01   1.237204e-02
  2.135450e+01   1.120823e-02
  2.190431e+01   1.009505e-02
  2.246828e+01   9.059368e-03
  2.304677e+01   8.237947e-03
  2.364016e+01   7.452055e-03
  2.424882e+01   6.700426e-03
  2.487315e+01   5.981834e-03
  2.551356e+01   5.382847e-03
  2.617045e+01   4.864101e-03
  2.684426e+01   4.368006e-03
  2.753542e+01   3.893750e-03
  2.824438e+01   3.449056e-03
  2.897158e+01   3.114168e-03
  2.971751e+01   2.793918e-03
  3.048265e+01   2.487783e-03
  3.126748e+01   2.195256e-03
  3.207252e+01   1.953059e-03
  3.289829e+01   1.750664e-03
  3.374532e+01   1.557199e-03
  3.461416e+01   1.372344e-03
  3.550537e+01   1.196926e-03
  3.641953e+01   1.070045e-03
  3.735722e+01   9.487783e-04
  3.831905e+01   8.329256e-04
  3.930565e+01   7.222911e-04
  4.031765e+01   6.317352e-04
  4.135571e+01   5.600748e-04
  4.242049e+01   4.916138e-04
  4.351269e+01   4.262367e-04
  4.463301e+01   3.638320e-04
  4.578217e+01   3.223567e-04
  4.696093e+01   2.833004e-04
  4.817003e+01   2.460017e-04
  4.941026e+01   2.103970e-04
  5.068242e+01   1.813711e-04
  5.198734e+01   1.598079e-04
  5.332585e+01   1.392130e-04
  5.469883e+01   1.195513e-04
  5.610716e+01   1.007889e-04
  5.755175e+01   8.883628e-05
  5.903353e+01   7.798572e-05
  6.055346e+01   6.762390e-05
  6.211253e+01   5.773313e-05
  6.371174e+01   4.969010e-05
  6.535212e+01   4.421101e-05
  6.703474e+01   3.897568e-05
  6.876068e+01   3.397531e-05
  7.053106e+01   2.920141e-05
  7.234702e+01   2.615568e-05
  7.420973e+01   2.349753e-05
  7.612041e+01   2.095634e-05
  7.808027e+01   1.852792e-05
  8.009060e+01   1.643155e-05
  8.215269e+01   1.488219e-05
  8.426787e+01   1.340025e-05
  8.643751e+01   1.198333e-05
  8.866302e+01   1.062911e-05
  9.094582e+01   9.801688e-06
  9.328740e+01   9.125978e-06
  9.568926e+01   8.478015e-06
  9.815297e+01   7.856830e-06
  1.006801e+02   -1.000000e-40
  1.032723e+02   -1.000000e-40
  1.059313e+02   -1.000000e-40
  1.086587e+02   -1.000000e-40
  1.114563e+02   -1.000000e-40
  1.143260e+02   -1.000000e-40
  1.172695e+02   -1.000000e-40
  1.202888e+02   -1.000000e-40
  1.233859e+02   -1.000000e-40
  1.265627e+02   -1.000000e-40
  1.298213e+02   -1.000000e-40
  1.331638e+02   -1.000000e-40
  1.365924e+02   -1.000000e-40
  1.401092e+02   -1.000000e-40
  1.437166e+02   -1.000000e-40
  1.474169e+02   -1.000000e-40
  1.512124e+02   -1.000000e-40
  1.551057e+02   -1.000000e-40
  1.590992e+02   -1.000000e-40
  1.631955e+02   -1.000000e-40
  1.673973e+02   -1.000000e-40
  1.717072e+02   -1.000000e-40
  1.761282e+02   -1.000000e-40
  1.806629e+02   -1.000000e-40
  1.853145e+02   -1.000000e-40
  1.900857e+02   -1.000000e-40
  1.949799e+02   -1.000000e-40
  2.000000e+02   -1.000000e-40
