#  E [GeV]   # per interaction [GeV^{-1}]
  2.000000e-01   4.011540e+01
  2.051494e-01   3.959439e+01
  2.104314e-01   3.907425e+01
  2.158493e-01   3.855529e+01
  2.214068e-01   3.803776e+01
  2.271073e-01   3.751221e+01
  2.329547e-01   3.697846e+01
  2.389525e-01   3.644787e+01
  2.451048e-01   3.592062e+01
  2.514155e-01   3.539687e+01
  2.578887e-01   3.485605e+01
  2.645286e-01   3.431884e+01
  2.713394e-01   3.378663e+01
  2.783255e-01   3.325952e+01
  2.854916e-01   3.272380e+01
  2.928421e-01   3.217496e+01
  3.003819e-01   3.163305e+01
  3.081158e-01   3.109808e+01
  3.160488e-01   3.057003e+01
  3.241861e-01   3.002808e+01
  3.325329e-01   2.949142e+01
  3.410947e-01   2.896278e+01
  3.498768e-01   2.844210e+01
  3.588851e-01   2.792108e+01
  3.681253e-01   2.739373e+01
  3.776034e-01   2.687527e+01
  3.873255e-01   2.636558e+01
  3.972979e-01   2.586454e+01
  4.075272e-01   2.535463e+01
  4.180197e-01   2.485046e+01
  4.287825e-01   2.435563e+01
  4.398223e-01   2.386998e+01
  4.511464e-01   2.338773e+01
  4.627620e-01   2.290166e+01
  4.746767e-01   2.242526e+01
  4.868982e-01   2.195835e+01
  4.994344e-01   2.150075e+01
  5.122933e-01   2.103974e+01
  5.254833e-01   2.058464e+01
  5.390129e-01   2.013914e+01
  5.528908e-01   1.970304e+01
  5.671260e-01   1.927132e+01
  5.817278e-01   1.883400e+01
  5.967055e-01   1.840649e+01
  6.120689e-01   1.798858e+01
  6.278278e-01   1.758005e+01
  6.439924e-01   1.717219e+01
  6.605733e-01   1.677036e+01
  6.775810e-01   1.637788e+01
  6.950267e-01   1.599454e+01
  7.129215e-01   1.561827e+01
  7.312770e-01   1.524273e+01
  7.501052e-01   1.487620e+01
  7.694181e-01   1.451846e+01
  7.892283e-01   1.416931e+01
  8.095485e-01   1.382265e+01
  8.303919e-01   1.348142e+01
  8.517720e-01   1.314861e+01
  8.737025e-01   1.282401e+01
  8.961977e-01   1.250642e+01
  9.192720e-01   1.218982e+01
  9.429405e-01   1.188123e+01
  9.672183e-01   1.158046e+01
  9.921212e-01   1.128729e+01
  1.017665e+00   1.099786e+01
  1.043867e+00   1.071341e+01
  1.070743e+00   1.043630e+01
  1.098312e+00   1.016636e+01
  1.126590e+00   9.902881e+00
  1.155596e+00   9.639271e+00
  1.185349e+00   9.382656e+00
  1.215869e+00   9.132849e+00
  1.247173e+00   8.889672e+00
  1.279284e+00   8.649363e+00
  1.312222e+00   8.412512e+00
  1.346008e+00   8.182101e+00
  1.380663e+00   7.957958e+00
  1.416211e+00   7.739852e+00
  1.452674e+00   7.521236e+00
  1.490076e+00   7.308719e+00
  1.528441e+00   7.102132e+00
  1.567794e+00   6.901311e+00
  1.608160e+00   6.702816e+00
  1.649565e+00   6.506474e+00
  1.692036e+00   6.315765e+00
  1.735601e+00   6.130531e+00
  1.780287e+00   5.950616e+00
  1.826124e+00   5.768970e+00
  1.873142e+00   5.592347e+00
  1.921369e+00   5.420956e+00
  1.970839e+00   5.254646e+00
  2.021582e+00   5.089884e+00
  2.073631e+00   4.925566e+00
  2.127021e+00   4.766291e+00
  2.181785e+00   4.611908e+00
  2.237960e+00   4.462272e+00
  2.295580e+00   4.307521e+00
  2.354684e+00   4.156595e+00
  2.415310e+00   4.010533e+00
  2.477497e+00   3.869184e+00
  2.541285e+00   3.730616e+00
  2.606716e+00   3.593526e+00
  2.673831e+00   3.460969e+00
  2.742673e+00   3.332801e+00
  2.813289e+00   3.208888e+00
  2.885723e+00   3.089483e+00
  2.960021e+00   2.974125e+00
  3.036233e+00   2.862612e+00
  3.114406e+00   2.754823e+00
  3.194593e+00   2.651174e+00
  3.276844e+00   2.552167e+00
  3.361213e+00   2.456461e+00
  3.447754e+00   2.363950e+00
  3.536523e+00   2.274536e+00
  3.627577e+00   2.188865e+00
  3.720976e+00   2.106268e+00
  3.816780e+00   2.026439e+00
  3.915051e+00   1.949290e+00
  4.015851e+00   1.874604e+00
  4.119247e+00   1.802048e+00
  4.225305e+00   1.731953e+00
  4.334094e+00   1.664241e+00
  4.445684e+00   1.598838e+00
  4.560146e+00   1.534824e+00
  4.677556e+00   1.472696e+00
  4.797989e+00   1.412720e+00
  4.921523e+00   1.354827e+00
  5.048237e+00   1.298895e+00
  5.178214e+00   1.244687e+00
  5.311537e+00   1.192382e+00
  5.448293e+00   1.141918e+00
  5.588570e+00   1.093237e+00
  5.732458e+00   1.046238e+00
  5.880052e+00   1.000889e+00
  6.031445e+00   9.571568e-01
  6.186736e+00   9.149898e-01
  6.346026e+00   8.743490e-01
  6.509417e+00   8.352507e-01
  6.677014e+00   7.975643e-01
  6.848927e+00   7.612435e-01
  7.025266e+00   7.262436e-01
  7.206145e+00   6.926591e-01
  7.391681e+00   6.603911e-01
  7.581995e+00   6.293066e-01
  7.777208e+00   5.993665e-01
  7.977447e+00   5.705606e-01
  8.182842e+00   5.431530e-01
  8.393525e+00   5.167618e-01
  8.609633e+00   4.913533e-01
  8.831305e+00   4.668947e-01
  9.058684e+00   4.434615e-01
  9.291917e+00   4.209972e-01
  9.531156e+00   3.993813e-01
  9.776554e+00   3.785852e-01
  1.002827e+01   3.585903e-01
  1.028647e+01   3.398373e-01
  1.055131e+01   3.217998e-01
  1.082298e+01   3.044537e-01
  1.110164e+01   2.877756e-01
  1.138747e+01   2.719856e-01
  1.168066e+01   2.570543e-01
  1.198140e+01   2.427012e-01
  1.228989e+01   2.289067e-01
  1.260631e+01   2.156517e-01
  1.293089e+01   2.033944e-01
  1.326382e+01   1.916359e-01
  1.360532e+01   1.803396e-01
  1.395562e+01   1.694896e-01
  1.431493e+01   1.592852e-01
  1.468350e+01   1.497623e-01
  1.506155e+01   1.406171e-01
  1.544934e+01   1.318367e-01
  1.584712e+01   1.234084e-01
  1.625513e+01   1.157456e-01
  1.667365e+01   1.084347e-01
  1.710295e+01   1.014179e-01
  1.754330e+01   9.468504e-02
  1.799498e+01   8.836673e-02
  1.845830e+01   8.253585e-02
  1.893354e+01   7.694201e-02
  1.942102e+01   7.157698e-02
  1.992106e+01   6.643281e-02
  2.043396e+01   6.185943e-02
  2.096008e+01   5.753802e-02
  2.149973e+01   5.339457e-02
  2.205329e+01   4.942288e-02
  2.262109e+01   4.573510e-02
  2.320351e+01   4.245121e-02
  2.380093e+01   3.930337e-02
  2.441374e+01   3.628680e-02
  2.504232e+01   3.339691e-02
  2.568708e+01   3.087574e-02
  2.634844e+01   2.852528e-02
  2.702683e+01   2.627336e-02
  2.772269e+01   2.411652e-02
  2.843647e+01   2.211900e-02
  2.916862e+01   2.039630e-02
  2.991962e+01   1.874616e-02
  3.068996e+01   1.716600e-02
  3.148013e+01   1.565336e-02
  3.229065e+01   1.435787e-02
  3.312204e+01   1.317268e-02
  3.397483e+01   1.203795e-02
  3.484958e+01   1.095188e-02
  3.574685e+01   9.943750e-03
  3.666722e+01   9.100249e-03
  3.761129e+01   8.292827e-03
  3.857967e+01   7.520205e-03
  3.957297e+01   6.781145e-03
  4.059186e+01   6.159574e-03
  4.163697e+01   5.605608e-03
  4.270900e+01   5.075572e-03
  4.380863e+01   4.568613e-03
  4.493656e+01   4.097203e-03
  4.609354e+01   3.724789e-03
  4.728031e+01   3.368490e-03
  4.849764e+01   3.027730e-03
  4.974630e+01   2.701955e-03
  5.102712e+01   2.430686e-03
  5.234091e+01   2.195957e-03
  5.368853e+01   1.971481e-03
  5.507084e+01   1.756890e-03
  5.648875e+01   1.555681e-03
  5.794316e+01   1.404192e-03
  5.943502e+01   1.259327e-03
  6.096529e+01   1.120851e-03
  6.253496e+01   9.885326e-04
  6.414505e+01   8.790196e-04
  6.579659e+01   7.875394e-04
  6.749065e+01   7.000979e-04
  6.922833e+01   6.165498e-04
  7.101075e+01   5.372977e-04
  7.283906e+01   4.809742e-04
  7.471444e+01   4.271396e-04
  7.663811e+01   3.757046e-04
  7.861131e+01   3.265826e-04
  8.063531e+01   2.862781e-04
  8.271142e+01   2.542722e-04
  8.484099e+01   2.236927e-04
  8.702538e+01   1.944882e-04
  8.926602e+01   1.666088e-04
  9.156435e+01   1.480518e-04
  9.392185e+01   1.305735e-04
  9.634005e+01   1.138794e-04
  9.882052e+01   9.794112e-05
  1.013648e+02   8.491427e-05
  1.039747e+02   7.518877e-05
  1.066517e+02   6.589801e-05
  1.093977e+02   5.702628e-05
  1.122143e+02   4.855841e-05
  1.151035e+02   4.313176e-05
  1.180671e+02   3.819929e-05
  1.211069e+02   3.348726e-05
  1.242251e+02   2.898771e-05
  1.274235e+02   2.531450e-05
  1.307042e+02   2.278694e-05
  1.340695e+02   2.037033e-05
  1.375214e+02   1.806067e-05
  1.410621e+02   1.585412e-05
  1.446940e+02   1.436791e-05
  1.484195e+02   1.305039e-05
  1.522408e+02   1.178995e-05
  1.561605e+02   1.058457e-05
  1.601812e+02   9.523360e-06
  1.643054e+02   8.693679e-06
  1.685357e+02   7.899649e-06
  1.728750e+02   7.140004e-06
  1.773260e+02   6.413516e-06
  1.818916e+02   5.947156e-06
  1.865748e+02   5.557339e-06
  1.913785e+02   5.183345e-06
  1.963059e+02   4.824624e-06
  2.013602e+02   -1.000000e-40
  2.065446e+02   -1.000000e-40
  2.118625e+02   -1.000000e-40
  2.173173e+02   -1.000000e-40
  2.229126e+02   -1.000000e-40
  2.286519e+02   -1.000000e-40
  2.345390e+02   -1.000000e-40
  2.405777e+02   -1.000000e-40
  2.467718e+02   -1.000000e-40
  2.531254e+02   -1.000000e-40
  2.596426e+02   -1.000000e-40
  2.663276e+02   -1.000000e-40
  2.731848e+02   -1.000000e-40
  2.802184e+02   -1.000000e-40
  2.874332e+02   -1.000000e-40
  2.948337e+02   -1.000000e-40
  3.024248e+02   -1.000000e-40
  3.102113e+02   -1.000000e-40
  3.181983e+02   -1.000000e-40
  3.263910e+02   -1.000000e-40
  3.347945e+02   -1.000000e-40
  3.434145e+02   -1.000000e-40
  3.522563e+02   -1.000000e-40
  3.613259e+02   -1.000000e-40
  3.706289e+02   -1.000000e-40
  3.801715e+02   -1.000000e-40
  3.899597e+02   -1.000000e-40
  4.000000e+02   -1.000000e-40
