#  E [GeV]   # per interaction [GeV^{-1}]
  1.000000e+00   1.246019e+01
  1.025747e+00   1.224056e+01
  1.052157e+00   1.202410e+01
  1.079247e+00   1.181079e+01
  1.107034e+00   1.160062e+01
  1.135537e+00   1.139098e+01
  1.164773e+00   1.118174e+01
  1.194763e+00   1.097583e+01
  1.225524e+00   1.077320e+01
  1.257078e+00   1.057384e+01
  1.289444e+00   1.037236e+01
  1.322643e+00   1.017402e+01
  1.356697e+00   9.979102e+00
  1.391628e+00   9.787558e+00
  1.427458e+00   9.596227e+00
  1.464210e+00   9.404022e+00
  1.501909e+00   9.215420e+00
  1.540579e+00   9.030362e+00
  1.580244e+00   8.848787e+00
  1.620931e+00   8.665425e+00
  1.662665e+00   8.485029e+00
  1.705473e+00   8.308229e+00
  1.749384e+00   8.134960e+00
  1.794425e+00   7.963095e+00
  1.840626e+00   7.791095e+00
  1.888017e+00   7.622713e+00
  1.936627e+00   7.457875e+00
  1.986490e+00   7.296509e+00
  2.037636e+00   7.133937e+00
  2.090099e+00   6.973987e+00
  2.143912e+00   6.817572e+00
  2.199112e+00   6.664615e+00
  2.255732e+00   6.513421e+00
  2.313810e+00   6.361892e+00
  2.373384e+00   6.213866e+00
  2.434491e+00   6.069264e+00
  2.497172e+00   5.928005e+00
  2.561466e+00   5.786132e+00
  2.627416e+00   5.646508e+00
  2.695064e+00   5.510249e+00
  2.764454e+00   5.377272e+00
  2.835630e+00   5.246034e+00
  2.908639e+00   5.113473e+00
  2.983528e+00   4.984261e+00
  3.060344e+00   4.858315e+00
  3.139139e+00   4.735551e+00
  3.219962e+00   4.612670e+00
  3.302866e+00   4.491701e+00
  3.387905e+00   4.373897e+00
  3.475133e+00   4.259178e+00
  3.564607e+00   4.146714e+00
  3.656385e+00   4.033941e+00
  3.750526e+00   3.924215e+00
  3.847091e+00   3.817457e+00
  3.946141e+00   3.713586e+00
  4.047742e+00   3.610163e+00
  4.151960e+00   3.508370e+00
  4.258860e+00   3.409413e+00
  4.368512e+00   3.313214e+00
  4.480988e+00   3.219295e+00
  4.596360e+00   3.125253e+00
  4.714702e+00   3.033903e+00
  4.836092e+00   2.945171e+00
  4.960606e+00   2.858982e+00
  5.088327e+00   2.773632e+00
  5.219336e+00   2.689685e+00
  5.353717e+00   2.608205e+00
  5.491559e+00   2.529121e+00
  5.632950e+00   2.452159e+00
  5.777982e+00   2.374672e+00
  5.926747e+00   2.299530e+00
  6.079343e+00   2.226664e+00
  6.235867e+00   2.156007e+00
  6.396422e+00   2.086373e+00
  6.561110e+00   2.017936e+00
  6.730039e+00   1.951621e+00
  6.903317e+00   1.887363e+00
  7.081056e+00   1.825086e+00
  7.263372e+00   1.763112e+00
  7.450381e+00   1.703099e+00
  7.642206e+00   1.644988e+00
  7.838969e+00   1.588721e+00
  8.040799e+00   1.533611e+00
  8.247825e+00   1.479598e+00
  8.460181e+00   1.427331e+00
  8.678005e+00   1.376755e+00
  8.901437e+00   1.327820e+00
  9.130622e+00   1.279534e+00
  9.365708e+00   1.232788e+00
  9.606846e+00   1.187583e+00
  9.854193e+00   1.143870e+00
  1.010791e+01   1.101305e+00
  1.036816e+01   1.059756e+00
  1.063510e+01   1.019598e+00
  1.090893e+01   9.807895e-01
  1.118980e+01   9.432865e-01
  1.147790e+01   9.064946e-01
  1.177342e+01   8.708910e-01
  1.207655e+01   8.365036e-01
  1.238749e+01   8.032937e-01
  1.270643e+01   7.712210e-01
  1.303358e+01   7.402472e-01
  1.336915e+01   7.103424e-01
  1.371337e+01   6.814725e-01
  1.406644e+01   6.536044e-01
  1.442861e+01   6.268124e-01
  1.480011e+01   6.009740e-01
  1.518116e+01   5.760378e-01
  1.557203e+01   5.519749e-01
  1.597296e+01   5.288001e-01
  1.638422e+01   5.065360e-01
  1.680606e+01   4.850565e-01
  1.723877e+01   4.643361e-01
  1.768261e+01   4.443503e-01
  1.813789e+01   4.251769e-01
  1.860488e+01   4.067144e-01
  1.908390e+01   3.889109e-01
  1.957525e+01   3.717449e-01
  2.007926e+01   3.552332e-01
  2.059624e+01   3.394271e-01
  2.112653e+01   3.241906e-01
  2.167047e+01   3.095052e-01
  2.222842e+01   2.953527e-01
  2.280073e+01   2.817545e-01
  2.338778e+01   2.686674e-01
  2.398995e+01   2.560598e-01
  2.460761e+01   2.439159e-01
  2.524118e+01   2.322604e-01
  2.589107e+01   2.212017e-01
  2.655768e+01   2.105519e-01
  2.724146e+01   2.002973e-01
  2.794285e+01   1.904249e-01
  2.866229e+01   1.810652e-01
  2.940026e+01   1.721265e-01
  3.015722e+01   1.635226e-01
  3.093368e+01   1.552421e-01
  3.173013e+01   1.473040e-01
  3.254708e+01   1.398549e-01
  3.338507e+01   1.326870e-01
  3.424463e+01   1.257908e-01
  3.512633e+01   1.191571e-01
  3.603073e+01   1.129085e-01
  3.695841e+01   1.069821e-01
  3.790997e+01   1.012820e-01
  3.888604e+01   9.580078e-02
  3.988724e+01   9.054673e-02
  4.091421e+01   8.568551e-02
  4.196763e+01   8.101127e-02
  4.304817e+01   7.651770e-02
  4.415652e+01   7.219868e-02
  4.529342e+01   6.813406e-02
  4.645959e+01   6.429736e-02
  4.765578e+01   6.061035e-02
  4.888277e+01   5.706792e-02
  5.014135e+01   5.366834e-02
  5.143234e+01   5.057666e-02
  5.275657e+01   4.760637e-02
  5.411489e+01   4.475333e-02
  5.550818e+01   4.201352e-02
  5.693735e+01   3.946158e-02
  5.840331e+01   3.709132e-02
  5.990702e+01   3.481519e-02
  6.144944e+01   3.262995e-02
  6.303157e+01   3.053249e-02
  6.465445e+01   2.865508e-02
  6.631910e+01   2.685818e-02
  6.802661e+01   2.513343e-02
  6.977809e+01   2.347835e-02
  7.157467e+01   2.194404e-02
  7.341750e+01   2.054083e-02
  7.530777e+01   1.919423e-02
  7.724672e+01   1.790229e-02
  7.923558e+01   1.666311e-02
  8.127566e+01   1.556870e-02
  8.336826e+01   1.452864e-02
  8.551474e+01   1.353098e-02
  8.771648e+01   1.257425e-02
  8.997491e+01   1.168747e-02
  9.229149e+01   1.088708e-02
  9.466772e+01   1.011952e-02
  9.710512e+01   9.383628e-03
  9.960528e+01   8.678304e-03
  1.021698e+02   8.064638e-03
  1.048004e+02   7.487476e-03
  1.074987e+02   6.934208e-03
  1.102664e+02   6.403997e-03
  1.131055e+02   5.915081e-03
  1.160176e+02   5.486954e-03
  1.190047e+02   5.076594e-03
  1.220687e+02   4.683377e-03
  1.252116e+02   4.306701e-03
  1.284354e+02   3.982835e-03
  1.317422e+02   3.682258e-03
  1.351342e+02   3.394261e-03
  1.386135e+02   3.118402e-03
  1.421823e+02   2.863657e-03
  1.458431e+02   2.646137e-03
  1.495981e+02   2.437733e-03
  1.534498e+02   2.238124e-03
  1.574007e+02   2.046999e-03
  1.614533e+02   1.883898e-03
  1.656102e+02   1.734890e-03
  1.698741e+02   1.592176e-03
  1.742479e+02   1.455532e-03
  1.787342e+02   1.328776e-03
  1.833361e+02   1.223188e-03
  1.880564e+02   1.122062e-03
  1.928983e+02   1.025243e-03
  1.978649e+02   9.325775e-04
  2.029593e+02   8.540724e-04
  2.081849e+02   7.837728e-04
  2.135450e+02   7.164644e-04
  2.190431e+02   6.520410e-04
  2.246828e+02   5.919663e-04
  2.304677e+02   5.437059e-04
  2.364016e+02   4.974952e-04
  2.424882e+02   4.532619e-04
  2.487315e+02   4.109356e-04
  2.551356e+02   3.750953e-04
  2.617045e+02   3.436516e-04
  2.684426e+02   3.135501e-04
  2.753542e+02   2.847433e-04
  2.824438e+02   2.576281e-04
  2.897158e+02   2.363799e-04
  2.971751e+02   2.160361e-04
  3.048265e+02   1.965646e-04
  3.126748e+02   1.779345e-04
  3.207252e+02   1.620629e-04
  3.289829e+02   1.483946e-04
  3.374532e+02   1.353103e-04
  3.461416e+02   1.227894e-04
  3.550537e+02   1.108769e-04
  3.641953e+02   1.018030e-04
  3.735722e+02   9.311468e-05
  3.831905e+02   8.479841e-05
  3.930565e+02   7.684097e-05
  4.031765e+02   6.990829e-05
  4.135571e+02   6.394289e-05
  4.242049e+02   5.823292e-05
  4.351269e+02   5.276931e-05
  4.463301e+02   4.754330e-05
  4.578217e+02   4.365989e-05
  4.696093e+02   3.997637e-05
  4.817003e+02   3.645027e-05
  4.941026e+02   3.307599e-05
  5.068242e+02   3.020226e-05
  5.198734e+02   2.789140e-05
  5.332585e+02   2.567753e-05
  5.469883e+02   2.355722e-05
  5.610716e+02   2.152717e-05
  5.755175e+02   2.016744e-05
  5.903353e+02   1.891789e-05
  6.055346e+02   1.771837e-05
  6.211253e+02   1.656715e-05
  6.371174e+02   1.559199e-05
  6.535212e+02   1.485931e-05
  6.703474e+02   1.415360e-05
  6.876068e+02   1.347394e-05
  7.053106e+02   1.281950e-05
  7.234702e+02   1.239334e-05
  7.420973e+02   1.201467e-05
  7.612041e+02   1.164721e-05
  7.808027e+02   1.129063e-05
  8.009060e+02   1.096018e-05
  8.215269e+02   1.067083e-05
  8.426787e+02   1.038910e-05
  8.643751e+02   1.011479e-05
  8.866302e+02   9.847710e-06
  9.094582e+02   9.589004e-06
  9.328740e+02   9.337418e-06
  9.568926e+02   9.092419e-06
  9.815297e+02   8.853837e-06
  1.006801e+03   -1.000000e-40
  1.032723e+03   -1.000000e-40
  1.059313e+03   -1.000000e-40
  1.086587e+03   -1.000000e-40
  1.114563e+03   -1.000000e-40
  1.143260e+03   -1.000000e-40
  1.172695e+03   -1.000000e-40
  1.202888e+03   -1.000000e-40
  1.233859e+03   -1.000000e-40
  1.265627e+03   -1.000000e-40
  1.298213e+03   -1.000000e-40
  1.331638e+03   -1.000000e-40
  1.365924e+03   -1.000000e-40
  1.401092e+03   -1.000000e-40
  1.437166e+03   -1.000000e-40
  1.474169e+03   -1.000000e-40
  1.512124e+03   -1.000000e-40
  1.551057e+03   -1.000000e-40
  1.590992e+03   -1.000000e-40
  1.631955e+03   -1.000000e-40
  1.673973e+03   -1.000000e-40
  1.717072e+03   -1.000000e-40
  1.761282e+03   -1.000000e-40
  1.806629e+03   -1.000000e-40
  1.853145e+03   -1.000000e-40
  1.900857e+03   -1.000000e-40
  1.949799e+03   -1.000000e-40
  2.000000e+03   -1.000000e-40
