#  E [GeV]   # per interaction [GeV^{-1}]
  2.000000e-01   4.038743e-01
  2.051494e-01   3.973052e-01
  2.104314e-01   3.908114e-01
  2.158493e-01   3.843933e-01
  2.214068e-01   3.780512e-01
  2.271073e-01   3.719217e-01
  2.329547e-01   3.660111e-01
  2.389525e-01   3.601628e-01
  2.451048e-01   3.543776e-01
  2.514155e-01   3.486559e-01
  2.578887e-01   3.430843e-01
  2.645286e-01   3.375779e-01
  2.713394e-01   3.321318e-01
  2.783255e-01   3.267464e-01
  2.854916e-01   3.214657e-01
  2.928421e-01   3.163045e-01
  3.003819e-01   3.111999e-01
  3.081158e-01   3.061523e-01
  3.160488e-01   3.011620e-01
  3.241861e-01   2.964941e-01
  3.325329e-01   2.919045e-01
  3.410947e-01   2.873585e-01
  3.498768e-01   2.828568e-01
  3.588851e-01   2.784964e-01
  3.681253e-01   2.743469e-01
  3.776034e-01   2.702302e-01
  3.873255e-01   2.661474e-01
  3.972979e-01   2.620992e-01
  4.075272e-01   2.582979e-01
  4.180197e-01   2.545654e-01
  4.287825e-01   2.508575e-01
  4.398223e-01   2.471755e-01
  4.511464e-01   2.435946e-01
  4.627620e-01   2.402089e-01
  4.746767e-01   2.368397e-01
  4.868982e-01   2.334883e-01
  4.994344e-01   2.301559e-01
  5.122933e-01   2.270177e-01
  5.254833e-01   2.239430e-01
  5.390129e-01   2.208797e-01
  5.528908e-01   2.178290e-01
  5.671260e-01   2.148400e-01
  5.817278e-01   2.120110e-01
  5.967055e-01   2.091887e-01
  6.120689e-01   2.063745e-01
  6.278278e-01   2.035698e-01
  6.439924e-01   2.009265e-01
  6.605733e-01   1.983473e-01
  6.775810e-01   1.957711e-01
  6.950267e-01   1.931992e-01
  7.129215e-01   1.906910e-01
  7.312770e-01   1.884406e-01
  7.501052e-01   1.861831e-01
  7.694181e-01   1.839201e-01
  7.892283e-01   1.816535e-01
  8.095485e-01   1.795737e-01
  8.303919e-01   1.775817e-01
  8.517720e-01   1.755766e-01
  8.737025e-01   1.735602e-01
  8.961977e-01   1.715618e-01
  9.192720e-01   1.697423e-01
  9.429405e-01   1.679060e-01
  9.672183e-01   1.660549e-01
  9.921212e-01   1.641910e-01
  1.017665e+00   1.624175e-01
  1.043867e+00   1.606969e-01
  1.070743e+00   1.589603e-01
  1.098312e+00   1.572096e-01
  1.126590e+00   1.554635e-01
  1.155596e+00   1.539348e-01
  1.185349e+00   1.523850e-01
  1.215869e+00   1.508160e-01
  1.247173e+00   1.492298e-01
  1.279284e+00   1.477899e-01
  1.312222e+00   1.464638e-01
  1.346008e+00   1.451111e-01
  1.380663e+00   1.437341e-01
  1.416211e+00   1.423368e-01
  1.452674e+00   1.411478e-01
  1.490076e+00   1.399287e-01
  1.528441e+00   1.386820e-01
  1.567794e+00   1.374096e-01
  1.608160e+00   1.362115e-01
  1.649565e+00   1.350902e-01
  1.692036e+00   1.339394e-01
  1.735601e+00   1.327612e-01
  1.780287e+00   1.315578e-01
  1.826124e+00   1.305127e-01
  1.873142e+00   1.294461e-01
  1.921369e+00   1.283509e-01
  1.970839e+00   1.272292e-01
  2.021582e+00   1.261610e-01
  2.073631e+00   1.251707e-01
  2.127021e+00   1.241506e-01
  2.181785e+00   1.231029e-01
  2.237960e+00   1.220295e-01
  2.295580e+00   1.210455e-01
  2.354684e+00   1.200471e-01
  2.415310e+00   1.190226e-01
  2.477497e+00   1.179739e-01
  2.541285e+00   1.169441e-01
  2.606716e+00   1.159620e-01
  2.673831e+00   1.149555e-01
  2.742673e+00   1.139265e-01
  2.813289e+00   1.128767e-01
  2.885723e+00   1.119160e-01
  2.960021e+00   1.109532e-01
  3.036233e+00   1.099683e-01
  3.114406e+00   1.089628e-01
  3.194593e+00   1.079764e-01
  3.276844e+00   1.070543e-01
  3.361213e+00   1.061104e-01
  3.447754e+00   1.051464e-01
  3.536523e+00   1.041640e-01
  3.627577e+00   1.032390e-01
  3.720976e+00   1.023155e-01
  3.816780e+00   1.013734e-01
  3.915051e+00   1.004140e-01
  4.015851e+00   9.945359e-02
  4.119247e+00   9.852102e-02
  4.225305e+00   9.757260e-02
  4.334094e+00   9.660973e-02
  4.445684e+00   9.563371e-02
  4.560146e+00   9.469055e-02
  4.677556e+00   9.375144e-02
  4.797989e+00   9.279982e-02
  4.921523e+00   9.183690e-02
  5.048237e+00   9.087466e-02
  5.178214e+00   8.994742e-02
  5.311537e+00   8.900948e-02
  5.448293e+00   8.806195e-02
  5.588570e+00   8.710591e-02
  5.732458e+00   8.615353e-02
  5.880052e+00   8.519964e-02
  6.031445e+00   8.423935e-02
  6.186736e+00   8.327358e-02
  6.346026e+00   8.230450e-02
  6.509417e+00   8.133962e-02
  6.677014e+00   8.037133e-02
  6.848927e+00   7.940041e-02
  7.025266e+00   7.842758e-02
  7.206145e+00   7.745821e-02
  7.391681e+00   7.649105e-02
  7.581995e+00   7.552364e-02
  7.777208e+00   7.455661e-02
  7.977447e+00   7.358958e-02
  8.182842e+00   7.261280e-02
  8.393525e+00   7.163869e-02
  8.609633e+00   7.066773e-02
  8.831305e+00   6.970038e-02
  9.058684e+00   6.872627e-02
  9.291917e+00   6.774841e-02
  9.531156e+00   6.677635e-02
  9.776554e+00   6.581040e-02
  1.002827e+01   6.485030e-02
  1.028647e+01   6.386646e-02
  1.055131e+01   6.289114e-02
  1.082298e+01   6.192456e-02
  1.110164e+01   6.096687e-02
  1.138747e+01   5.999838e-02
  1.168066e+01   5.901987e-02
  1.198140e+01   5.805268e-02
  1.228989e+01   5.709686e-02
  1.260631e+01   5.615244e-02
  1.293089e+01   5.517831e-02
  1.326382e+01   5.421602e-02
  1.360532e+01   5.326729e-02
  1.395562e+01   5.233202e-02
  1.431493e+01   5.139076e-02
  1.468350e+01   5.043884e-02
  1.506155e+01   4.950233e-02
  1.544934e+01   4.858105e-02
  1.584712e+01   4.767484e-02
  1.625513e+01   4.673958e-02
  1.667365e+01   4.581660e-02
  1.710295e+01   4.491050e-02
  1.754330e+01   4.402102e-02
  1.799498e+01   4.312039e-02
  1.845830e+01   4.219221e-02
  1.893354e+01   4.128347e-02
  1.942102e+01   4.039376e-02
  1.992106e+01   3.952270e-02
  2.043396e+01   3.861682e-02
  2.096008e+01   3.772198e-02
  2.149973e+01   3.684772e-02
  2.205329e+01   3.599359e-02
  2.262109e+01   3.513942e-02
  2.320351e+01   3.426375e-02
  2.380093e+01   3.340991e-02
  2.441374e+01   3.257734e-02
  2.504232e+01   3.176552e-02
  2.568708e+01   3.092627e-02
  2.634844e+01   3.009654e-02
  2.702683e+01   2.928897e-02
  2.772269e+01   2.850299e-02
  2.843647e+01   2.772260e-02
  2.916862e+01   2.692020e-02
  2.991962e+01   2.614061e-02
  3.068996e+01   2.538320e-02
  3.148013e+01   2.464734e-02
  3.229065e+01   2.389132e-02
  3.312204e+01   2.314282e-02
  3.397483e+01   2.241684e-02
  3.484958e+01   2.171273e-02
  3.574685e+01   2.101716e-02
  3.666722e+01   2.029339e-02
  3.761129e+01   1.959271e-02
  3.857967e+01   1.891442e-02
  3.957297e+01   1.825783e-02
  4.059186e+01   1.758865e-02
  4.163697e+01   1.692549e-02
  4.270900e+01   1.628453e-02
  4.380863e+01   1.566509e-02
  4.493656e+01   1.506089e-02
  4.609354e+01   1.444425e-02
  4.728031e+01   1.384907e-02
  4.849764e+01   1.327467e-02
  4.974630e+01   1.272039e-02
  5.102712e+01   1.216680e-02
  5.234091e+01   1.162146e-02
  5.368853e+01   1.109583e-02
  5.507084e+01   1.058927e-02
  5.648875e+01   1.009930e-02
  5.794316e+01   9.607679e-03
  5.943502e+01   9.134378e-03
  6.096529e+01   8.678784e-03
  6.253496e+01   8.240306e-03
  6.414505e+01   7.812221e-03
  6.579659e+01   7.395636e-03
  6.749065e+01   6.995043e-03
  6.922833e+01   6.609900e-03
  7.101075e+01   6.239194e-03
  7.283906e+01   5.865424e-03
  7.471444e+01   5.506487e-03
  7.663811e+01   5.161874e-03
  7.861131e+01   4.831091e-03
  8.063531e+01   4.514919e-03
  8.271142e+01   4.212813e-03
  8.484099e+01   3.923028e-03
  8.702538e+01   3.645136e-03
  8.926602e+01   3.378724e-03
  9.156435e+01   3.131992e-03
  9.392185e+01   2.895787e-03
  9.634005e+01   2.669467e-03
  9.882052e+01   2.452684e-03
  1.013648e+02   2.252336e-03
  1.039747e+02   2.069476e-03
  1.066517e+02   1.894378e-03
  1.093977e+02   1.726765e-03
  1.122143e+02   1.566373e-03
  1.151035e+02   1.424413e-03
  1.180671e+02   1.289684e-03
  1.211069e+02   1.160820e-03
  1.242251e+02   1.037614e-03
  1.274235e+02   9.271993e-04
  1.307042e+02   8.332395e-04
  1.340695e+02   7.434124e-04
  1.375214e+02   6.575697e-04
  1.410621e+02   5.755681e-04
  1.446940e+02   5.120360e-04
  1.484195e+02   4.538058e-04
  1.522408e+02   3.981763e-04
  1.561605e+02   3.450535e-04
  1.601812e+02   2.997166e-04
  1.643054e+02   2.673406e-04
  1.685357e+02   2.364011e-04
  1.728750e+02   2.068463e-04
  1.773260e+02   1.786264e-04
  1.818916e+02   1.625142e-04
  1.865748e+02   1.498100e-04
  1.913785e+02   1.376412e-04
  1.963059e+02   1.259889e-04
  2.013602e+02   -1.000000e-40
  2.065446e+02   -1.000000e-40
  2.118625e+02   -1.000000e-40
  2.173173e+02   -1.000000e-40
  2.229126e+02   -1.000000e-40
  2.286519e+02   -1.000000e-40
  2.345390e+02   -1.000000e-40
  2.405777e+02   -1.000000e-40
  2.467718e+02   -1.000000e-40
  2.531254e+02   -1.000000e-40
  2.596426e+02   -1.000000e-40
  2.663276e+02   -1.000000e-40
  2.731848e+02   -1.000000e-40
  2.802184e+02   -1.000000e-40
  2.874332e+02   -1.000000e-40
  2.948337e+02   -1.000000e-40
  3.024248e+02   -1.000000e-40
  3.102113e+02   -1.000000e-40
  3.181983e+02   -1.000000e-40
  3.263910e+02   -1.000000e-40
  3.347945e+02   -1.000000e-40
  3.434145e+02   -1.000000e-40
  3.522563e+02   -1.000000e-40
  3.613259e+02   -1.000000e-40
  3.706289e+02   -1.000000e-40
  3.801715e+02   -1.000000e-40
  3.899597e+02   -1.000000e-40
  4.000000e+02   -1.000000e-40
