#  E [GeV]   # per interaction [GeV^{-1}]
  2.000000e-01   5.277810e+01
  2.051494e-01   5.215408e+01
  2.104314e-01   5.152813e+01
  2.158493e-01   5.090075e+01
  2.214068e-01   5.027240e+01
  2.271073e-01   4.963469e+01
  2.329547e-01   4.898766e+01
  2.389525e-01   4.834183e+01
  2.451048e-01   4.769756e+01
  2.514155e-01   4.705518e+01
  2.578887e-01   4.639078e+01
  2.645286e-01   4.572864e+01
  2.713394e-01   4.507052e+01
  2.783255e-01   4.441662e+01
  2.854916e-01   4.374885e+01
  2.928421e-01   4.306131e+01
  3.003819e-01   4.238073e+01
  3.081158e-01   4.170717e+01
  3.160488e-01   4.104073e+01
  3.241861e-01   4.035112e+01
  3.325329e-01   3.966640e+01
  3.410947e-01   3.899062e+01
  3.498768e-01   3.832379e+01
  3.588851e-01   3.765322e+01
  3.681253e-01   3.696984e+01
  3.776034e-01   3.629705e+01
  3.873255e-01   3.563473e+01
  3.972979e-01   3.498280e+01
  4.075272e-01   3.431240e+01
  4.180197e-01   3.364774e+01
  4.287825e-01   3.299484e+01
  4.398223e-01   3.235350e+01
  4.511464e-01   3.171329e+01
  4.627620e-01   3.106119e+01
  4.746767e-01   3.042184e+01
  4.868982e-01   2.979501e+01
  4.994344e-01   2.918049e+01
  5.122933e-01   2.855213e+01
  5.254833e-01   2.792934e+01
  5.390129e-01   2.731982e+01
  5.528908e-01   2.672331e+01
  5.671260e-01   2.612991e+01
  5.817278e-01   2.551976e+01
  5.967055e-01   2.492378e+01
  6.120689e-01   2.434164e+01
  6.278278e-01   2.377303e+01
  6.439924e-01   2.319797e+01
  6.605733e-01   2.262902e+01
  6.775810e-01   2.207402e+01
  6.950267e-01   2.153263e+01
  7.129215e-01   2.099990e+01
  7.312770e-01   2.046021e+01
  7.501052e-01   1.993439e+01
  7.694181e-01   1.942207e+01
  7.892283e-01   1.892291e+01
  8.095485e-01   1.842204e+01
  8.303919e-01   1.792686e+01
  8.517720e-01   1.744494e+01
  8.737025e-01   1.697591e+01
  8.961977e-01   1.651694e+01
  9.192720e-01   1.605310e+01
  9.429405e-01   1.560214e+01
  9.672183e-01   1.516371e+01
  9.921212e-01   1.473745e+01
  1.017665e+00   1.431229e+01
  1.043867e+00   1.389207e+01
  1.070743e+00   1.348393e+01
  1.098312e+00   1.308753e+01
  1.126590e+00   1.270117e+01
  1.155596e+00   1.230747e+01
  1.185349e+00   1.192553e+01
  1.215869e+00   1.155501e+01
  1.247173e+00   1.119558e+01
  1.279284e+00   1.083961e+01
  1.312222e+00   1.048834e+01
  1.346008e+00   1.014788e+01
  1.380663e+00   9.817906e+00
  1.416211e+00   9.497999e+00
  1.452674e+00   9.176971e+00
  1.490076e+00   8.866075e+00
  1.528441e+00   8.565005e+00
  1.567794e+00   8.273463e+00
  1.608160e+00   7.987130e+00
  1.649565e+00   7.705703e+00
  1.692036e+00   7.433372e+00
  1.735601e+00   7.169858e+00
  1.780287e+00   6.914889e+00
  1.826124e+00   6.662749e+00
  1.873142e+00   6.418638e+00
  1.921369e+00   6.182583e+00
  1.970839e+00   5.954334e+00
  2.021582e+00   5.732019e+00
  2.073631e+00   5.514937e+00
  2.127021e+00   5.305141e+00
  2.181785e+00   5.102403e+00
  2.237960e+00   4.906500e+00
  2.295580e+00   4.714845e+00
  2.354684e+00   4.529443e+00
  2.415310e+00   4.350378e+00
  2.477497e+00   4.177449e+00
  2.541285e+00   4.010459e+00
  2.606716e+00   3.849218e+00
  2.673831e+00   3.693544e+00
  2.742673e+00   3.543261e+00
  2.813289e+00   3.398194e+00
  2.885723e+00   3.258283e+00
  2.960021e+00   3.123275e+00
  3.036233e+00   2.992992e+00
  3.114406e+00   2.867282e+00
  3.194593e+00   2.746066e+00
  3.276844e+00   2.629285e+00
  3.361213e+00   2.516636e+00
  3.447754e+00   2.407986e+00
  3.536523e+00   2.303204e+00
  3.627577e+00   2.202477e+00
  3.720976e+00   2.105443e+00
  3.816780e+00   2.011891e+00
  3.915051e+00   1.921710e+00
  4.015851e+00   1.834956e+00
  4.119247e+00   1.751840e+00
  4.225305e+00   1.671740e+00
  4.334094e+00   1.594558e+00
  4.445684e+00   1.520197e+00
  4.560146e+00   1.448883e+00
  4.677556e+00   1.380313e+00
  4.797989e+00   1.314271e+00
  4.921523e+00   1.250676e+00
  5.048237e+00   1.189665e+00
  5.178214e+00   1.131840e+00
  5.311537e+00   1.076168e+00
  5.448293e+00   1.022578e+00
  5.588570e+00   9.710005e-01
  5.732458e+00   9.221861e-01
  5.880052e+00   8.756174e-01
  6.031445e+00   8.308055e-01
  6.186736e+00   7.876915e-01
  6.346026e+00   7.463884e-01
  6.509417e+00   7.077392e-01
  6.677014e+00   6.705600e-01
  6.848927e+00   6.348013e-01
  7.025266e+00   6.004153e-01
  7.206145e+00   5.681020e-01
  7.391681e+00   5.375087e-01
  7.581995e+00   5.080933e-01
  7.777208e+00   4.798159e-01
  7.977447e+00   4.527283e-01
  8.182842e+00   4.277759e-01
  8.393525e+00   4.037909e-01
  8.609633e+00   3.807405e-01
  8.831305e+00   3.585928e-01
  9.058684e+00   3.378048e-01
  9.291917e+00   3.182289e-01
  9.531156e+00   2.994229e-01
  9.776554e+00   2.813605e-01
  1.002827e+01   2.640348e-01
  1.028647e+01   2.484027e-01
  1.055131e+01   2.333890e-01
  1.082298e+01   2.189726e-01
  1.110164e+01   2.051328e-01
  1.138747e+01   1.922889e-01
  1.168066e+01   1.804082e-01
  1.198140e+01   1.690027e-01
  1.228989e+01   1.580561e-01
  1.260631e+01   1.475526e-01
  1.293089e+01   1.382144e-01
  1.326382e+01   1.292819e-01
  1.360532e+01   1.207108e-01
  1.395562e+01   1.124886e-01
  1.431493e+01   1.048922e-01
  1.468350e+01   9.797846e-02
  1.506155e+01   9.134570e-02
  1.544934e+01   8.498417e-02
  1.584712e+01   7.888445e-02
  1.625513e+01   7.354792e-02
  1.667365e+01   6.848353e-02
  1.710295e+01   6.362705e-02
  1.754330e+01   5.897122e-02
  1.799498e+01   5.467746e-02
  1.845830e+01   5.083774e-02
  1.893354e+01   4.715633e-02
  1.942102e+01   4.362771e-02
  1.992106e+01   4.024651e-02
  2.043396e+01   3.732648e-02
  2.096008e+01   3.458496e-02
  2.149973e+01   3.195755e-02
  2.205329e+01   2.944025e-02
  2.262109e+01   2.712712e-02
  2.320351e+01   2.511868e-02
  2.380093e+01   2.319397e-02
  2.441374e+01   2.135006e-02
  2.504232e+01   1.958411e-02
  2.568708e+01   1.807888e-02
  2.634844e+01   1.668593e-02
  2.702683e+01   1.535152e-02
  2.772269e+01   1.407358e-02
  2.843647e+01   1.289645e-02
  2.916862e+01   1.189959e-02
  2.991962e+01   1.094464e-02
  3.068996e+01   1.003014e-02
  3.148013e+01   9.154654e-03
  3.229065e+01   8.413251e-03
  3.312204e+01   7.738279e-03
  3.397483e+01   7.091891e-03
  3.484958e+01   6.473077e-03
  3.574685e+01   5.900110e-03
  3.666722e+01   5.426905e-03
  3.761129e+01   4.973739e-03
  3.857967e+01   4.539902e-03
  3.957297e+01   4.124712e-03
  4.059186e+01   3.773936e-03
  4.163697e+01   3.460358e-03
  4.270900e+01   3.160143e-03
  4.380863e+01   2.872820e-03
  4.493656e+01   2.605252e-03
  4.609354e+01   2.392364e-03
  4.728031e+01   2.188522e-03
  4.849764e+01   1.993406e-03
  4.974630e+01   1.806707e-03
  5.102712e+01   1.649233e-03
  5.234091e+01   1.511502e-03
  5.368853e+01   1.379646e-03
  5.507084e+01   1.253457e-03
  5.648875e+01   1.134700e-03
  5.794316e+01   1.041898e-03
  5.943502e+01   9.530393e-04
  6.096529e+01   8.679854e-04
  6.253496e+01   7.866008e-04
  6.414505e+01   7.174610e-04
  6.579659e+01   6.580873e-04
  6.749065e+01   6.012423e-04
  6.922833e+01   5.468363e-04
  7.101075e+01   4.950253e-04
  7.283906e+01   4.541143e-04
  7.471444e+01   4.149451e-04
  7.663811e+01   3.774562e-04
  7.861131e+01   3.415878e-04
  8.063531e+01   3.110576e-04
  8.271142e+01   2.855588e-04
  8.484099e+01   2.611441e-04
  8.702538e+01   2.377752e-04
  8.926602e+01   2.154148e-04
  9.156435e+01   1.996404e-04
  9.392185e+01   1.846980e-04
  9.634005e+01   1.703800e-04
  9.882052e+01   1.566643e-04
  1.013648e+02   1.450666e-04
  1.039747e+02   1.358594e-04
  1.066517e+02   1.270229e-04
  1.093977e+02   1.185445e-04
  1.122143e+02   1.104116e-04
  1.151035e+02   1.048409e-04
  1.180671e+02   9.969232e-05
  1.211069e+02   9.473614e-05
  1.242251e+02   8.996595e-05
  1.274235e+02   8.569999e-05
  1.307042e+02   8.210279e-05
  1.340695e+02   7.863218e-05
  1.375214e+02   7.528407e-05
  1.410621e+02   7.205450e-05
  1.446940e+02   6.825083e-05
  1.484195e+02   6.447727e-05
  1.522408e+02   6.085014e-05
  1.561605e+02   5.736447e-05
  1.601812e+02   5.292321e-05
  1.643054e+02   4.645123e-05
  1.685357e+02   4.027081e-05
  1.728750e+02   3.437139e-05
  1.773260e+02   2.874276e-05
  1.818916e+02   2.508830e-05
  1.865748e+02   2.202850e-05
  1.913785e+02   1.910651e-05
  1.963059e+02   1.631732e-05
  2.013602e+02   -1.000000e-40
  2.065446e+02   -1.000000e-40
  2.118625e+02   -1.000000e-40
  2.173173e+02   -1.000000e-40
  2.229126e+02   -1.000000e-40
  2.286519e+02   -1.000000e-40
  2.345390e+02   -1.000000e-40
  2.405777e+02   -1.000000e-40
  2.467718e+02   -1.000000e-40
  2.531254e+02   -1.000000e-40
  2.596426e+02   -1.000000e-40
  2.663276e+02   -1.000000e-40
  2.731848e+02   -1.000000e-40
  2.802184e+02   -1.000000e-40
  2.874332e+02   -1.000000e-40
  2.948337e+02   -1.000000e-40
  3.024248e+02   -1.000000e-40
  3.102113e+02   -1.000000e-40
  3.181983e+02   -1.000000e-40
  3.263910e+02   -1.000000e-40
  3.347945e+02   -1.000000e-40
  3.434145e+02   -1.000000e-40
  3.522563e+02   -1.000000e-40
  3.613259e+02   -1.000000e-40
  3.706289e+02   -1.000000e-40
  3.801715e+02   -1.000000e-40
  3.899597e+02   -1.000000e-40
  4.000000e+02   -1.000000e-40
