#  E [GeV]   Gammas per Interaction 
  1.000000e+00   3.556307e-01
  1.025747e+00   3.486876e-01
  1.052157e+00   3.418689e-01
  1.079247e+00   3.351729e-01
  1.107034e+00   3.285976e-01
  1.135537e+00   3.220292e-01
  1.164773e+00   3.154608e-01
  1.194763e+00   3.090192e-01
  1.225524e+00   3.027023e-01
  1.257078e+00   2.965078e-01
  1.289444e+00   2.902355e-01
  1.322643e+00   2.840794e-01
  1.356697e+00   2.780495e-01
  1.391628e+00   2.721433e-01
  1.427458e+00   2.662414e-01
  1.464210e+00   2.603026e-01
  1.501909e+00   2.544941e-01
  1.540579e+00   2.488133e-01
  1.580244e+00   2.432572e-01
  1.620931e+00   2.376524e-01
  1.662665e+00   2.321539e-01
  1.705473e+00   2.267818e-01
  1.749384e+00   2.215330e-01
  1.794425e+00   2.163389e-01
  1.840626e+00   2.111493e-01
  1.888017e+00   2.060840e-01
  1.936627e+00   2.011399e-01
  1.986490e+00   1.963142e-01
  2.037636e+00   1.914683e-01
  2.090099e+00   1.867143e-01
  2.143912e+00   1.820783e-01
  2.199112e+00   1.775575e-01
  2.255732e+00   1.731048e-01
  2.313810e+00   1.686628e-01
  2.373384e+00   1.643347e-01
  2.434491e+00   1.601176e-01
  2.497172e+00   1.560087e-01
  2.561466e+00   1.519014e-01
  2.627416e+00   1.478715e-01
  2.695064e+00   1.439482e-01
  2.764454e+00   1.401287e-01
  2.835630e+00   1.363728e-01
  2.908639e+00   1.326016e-01
  2.983528e+00   1.289338e-01
  3.060344e+00   1.253665e-01
  3.139139e+00   1.218971e-01
  3.219962e+00   1.184587e-01
  3.302866e+00   1.150908e-01
  3.387905e+00   1.118173e-01
  3.475133e+00   1.086356e-01
  3.564607e+00   1.055270e-01
  3.656385e+00   1.024356e-01
  3.750526e+00   9.943283e-02
  3.847091e+00   9.651629e-02
  3.946141e+00   9.368351e-02
  4.047742e+00   9.088603e-02
  4.151960e+00   8.814611e-02
  4.258860e+00   8.548647e-02
  4.368512e+00   8.290482e-02
  4.480988e+00   8.039192e-02
  4.596360e+00   7.790500e-02
  4.714702e+00   7.549228e-02
  4.836092e+00   7.315160e-02
  4.960606e+00   7.088086e-02
  5.088327e+00   6.864793e-02
  5.219336e+00   6.646250e-02
  5.353717e+00   6.434354e-02
  5.491559e+00   6.228907e-02
  5.632950e+00   6.029418e-02
  5.777982e+00   5.831896e-02
  5.926747e+00   5.640491e-02
  6.079343e+00   5.455020e-02
  6.235867e+00   5.275306e-02
  6.396422e+00   5.099692e-02
  6.561110e+00   4.928325e-02
  6.730039e+00   4.762347e-02
  6.903317e+00   4.601597e-02
  7.081056e+00   4.445899e-02
  7.263372e+00   4.293224e-02
  7.450381e+00   4.145413e-02
  7.642206e+00   4.002318e-02
  7.838969e+00   3.863794e-02
  8.040799e+00   3.729044e-02
  8.247825e+00   3.597931e-02
  8.460181e+00   3.471050e-02
  8.678005e+00   3.348271e-02
  8.901437e+00   3.229470e-02
  9.130622e+00   3.113690e-02
  9.365708e+00   3.001645e-02
  9.606846e+00   2.893264e-02
  9.854193e+00   2.788432e-02
  1.010791e+01   2.686876e-02
  1.036816e+01   2.588443e-02
  1.063510e+01   2.493258e-02
  1.090893e+01   2.401220e-02
  1.118980e+01   2.312232e-02
  1.147790e+01   2.225777e-02
  1.177342e+01   2.142156e-02
  1.207655e+01   2.061331e-02
  1.238749e+01   1.983213e-02
  1.270643e+01   1.907701e-02
  1.303358e+01   1.834701e-02
  1.336915e+01   1.764164e-02
  1.371337e+01   1.696012e-02
  1.406644e+01   1.630169e-02
  1.442861e+01   1.566868e-02
  1.480011e+01   1.505775e-02
  1.518116e+01   1.446762e-02
  1.557203e+01   1.389763e-02
  1.597296e+01   1.334823e-02
  1.638422e+01   1.282006e-02
  1.680606e+01   1.231000e-02
  1.723877e+01   1.181747e-02
  1.768261e+01   1.134191e-02
  1.813789e+01   1.088532e-02
  1.860488e+01   1.044522e-02
  1.908390e+01   1.002035e-02
  1.957525e+01   9.610233e-03
  2.007926e+01   9.215561e-03
  2.059624e+01   8.838095e-03
  2.112653e+01   8.473772e-03
  2.167047e+01   8.122170e-03
  2.222842e+01   7.782880e-03
  2.280073e+01   7.455988e-03
  2.338778e+01   7.140784e-03
  2.398995e+01   6.836707e-03
  2.460761e+01   6.543396e-03
  2.524118e+01   6.261264e-03
  2.589107e+01   5.992319e-03
  2.655768e+01   5.732931e-03
  2.724146e+01   5.482788e-03
  2.794285e+01   5.241591e-03
  2.866229e+01   5.011579e-03
  2.940026e+01   4.791069e-03
  3.015722e+01   4.578471e-03
  3.093368e+01   4.373527e-03
  3.173013e+01   4.176699e-03
  3.254708e+01   3.991506e-03
  3.338507e+01   3.812979e-03
  3.424463e+01   3.640898e-03
  3.512633e+01   3.475055e-03
  3.603073e+01   3.318305e-03
  3.695841e+01   3.169190e-03
  3.790997e+01   3.025469e-03
  3.888604e+01   2.886967e-03
  3.988724e+01   2.753697e-03
  4.091421e+01   2.627506e-03
  4.196763e+01   2.505915e-03
  4.304817e+01   2.388773e-03
  4.415652e+01   2.275932e-03
  4.529342e+01   2.169107e-03
  4.645959e+01   2.067710e-03
  4.765578e+01   1.970037e-03
  4.888277e+01   1.875965e-03
  5.014135e+01   1.785401e-03
  5.143234e+01   1.699708e-03
  5.275657e+01   1.617192e-03
  5.411489e+01   1.537747e-03
  5.550818e+01   1.461271e-03
  5.693735e+01   1.388975e-03
  5.840331e+01   1.320722e-03
  5.990702e+01   1.255021e-03
  6.144944e+01   1.191785e-03
  6.303157e+01   1.130934e-03
  6.465445e+01   1.074910e-03
  6.631910e+01   1.021090e-03
  6.802661e+01   9.692935e-04
  6.977809e+01   9.194543e-04
  7.157467e+01   8.724161e-04
  7.341750e+01   8.283303e-04
  7.530777e+01   7.859080e-04
  7.724672e+01   7.450934e-04
  7.923558e+01   7.058327e-04
  8.127566e+01   6.693136e-04
  8.336826e+01   6.343141e-04
  8.551474e+01   6.006500e-04
  8.771648e+01   5.682762e-04
  8.997491e+01   5.377209e-04
  9.229149e+01   5.092772e-04
  9.466772e+01   4.819226e-04
  9.710512e+01   4.556204e-04
  9.960528e+01   4.303349e-04
  1.021698e+02   4.070423e-04
  1.048004e+02   3.848294e-04
  1.074987e+02   3.634751e-04
  1.102664e+02   3.429504e-04
  1.131055e+02   3.236064e-04
  1.160176e+02   3.058196e-04
  1.190047e+02   2.887219e-04
  1.220687e+02   2.722898e-04
  1.252116e+02   2.565008e-04
  1.284354e+02   2.419988e-04
  1.317422e+02   2.282394e-04
  1.351342e+02   2.150182e-04
  1.386135e+02   2.023170e-04
  1.421823e+02   1.903041e-04
  1.458431e+02   1.792895e-04
  1.495981e+02   1.687079e-04
  1.534498e+02   1.585446e-04
  1.574007e+02   1.487852e-04
  1.614533e+02   1.400426e-04
  1.656102e+02   1.318726e-04
  1.698741e+02   1.240245e-04
  1.742479e+02   1.164873e-04
  1.787342e+02   1.093106e-04
  1.833361e+02   1.026559e-04
  1.880564e+02   9.626652e-05
  1.928983e+02   9.013317e-05
  1.978649e+02   8.424707e-05
  2.029593e+02   7.896780e-05
  2.081849e+02   7.407638e-05
  2.135450e+02   6.938075e-05
  2.190431e+02   6.487419e-05
  2.246828e+02   6.060415e-05
  2.304677e+02   5.682527e-05
  2.364016e+02   5.319791e-05
  2.424882e+02   4.971684e-05
  2.487315e+02   4.637701e-05
  2.551356e+02   4.335586e-05
  2.617045e+02   4.056923e-05
  2.684426e+02   3.789518e-05
  2.753542e+02   3.532981e-05
  2.824438e+02   3.288703e-05
  2.897158e+02   3.073161e-05
  2.971751e+02   2.866367e-05
  3.048265e+02   2.668019e-05
  3.126748e+02   2.477822e-05
  3.207252e+02   2.301222e-05
  3.289829e+02   2.136397e-05
  3.374532e+02   1.978396e-05
  3.461416e+02   1.826981e-05
  3.550537e+02   1.682769e-05
  3.641953e+02   1.574889e-05
  3.735722e+02   1.471364e-05
  3.831905e+02   1.372044e-05
  3.930565e+02   1.276783e-05
  4.031765e+02   1.187097e-05
  4.135571e+02   1.102739e-05
  4.242049e+02   1.021869e-05
  4.351269e+02   9.443632e-06
  4.463301e+02   8.701047e-06
  4.578217e+02   8.060413e-06
  4.696093e+02   7.448670e-06
  4.817003e+02   6.862558e-06
  4.941026e+02   6.301178e-06
  5.068242e+02   5.794373e-06
  5.198734e+02   5.347159e-06
  5.332585e+02   4.918745e-06
  5.469883e+02   4.508468e-06
  5.610716e+02   4.115690e-06
  5.755175e+02   3.780169e-06
  5.903353e+02   3.462741e-06
  6.055346e+02   3.158866e-06
  6.211253e+02   2.868065e-06
  6.371174e+02   2.686398e-06
  6.535212e+02   2.664162e-06
  6.703474e+02   2.641350e-06
  6.876068e+02   2.618004e-06
  7.053106e+02   2.594166e-06
  7.234702e+02   7.719224e-06
  7.420973e+02   1.344842e-05
  7.612041e+02   1.888514e-05
  7.808027e+02   2.404046e-05
  8.009060e+02   1.316343e-04
  8.215269e+02   4.423362e-04
  8.426787e+02   7.373574e-04
  8.643751e+02   1.017290e-03
  8.866302e+02   1.282704e-03
  9.094582e+02   6.839736e-03
  9.328740e+02   1.344649e-02
  9.568926e+02   1.971727e-02
  9.815297e+02   2.566478e-02
  1.006801e+03   -1.000000e-40
  1.032723e+03   -1.000000e-40
  1.059313e+03   -1.000000e-40
  1.086587e+03   -1.000000e-40
  1.114563e+03   -1.000000e-40
  1.143260e+03   -1.000000e-40
  1.172695e+03   -1.000000e-40
  1.202888e+03   -1.000000e-40
  1.233859e+03   -1.000000e-40
  1.265627e+03   -1.000000e-40
  1.298213e+03   -1.000000e-40
  1.331638e+03   -1.000000e-40
  1.365924e+03   -1.000000e-40
  1.401092e+03   -1.000000e-40
  1.437166e+03   -1.000000e-40
  1.474169e+03   -1.000000e-40
  1.512124e+03   -1.000000e-40
  1.551057e+03   -1.000000e-40
  1.590992e+03   -1.000000e-40
  1.631955e+03   -1.000000e-40
  1.673973e+03   -1.000000e-40
  1.717072e+03   -1.000000e-40
  1.761282e+03   -1.000000e-40
  1.806629e+03   -1.000000e-40
  1.853145e+03   -1.000000e-40
  1.900857e+03   -1.000000e-40
  1.949799e+03   -1.000000e-40
  2.000000e+03   -1.000000e-40
