#  E [GeV]   Gammas per Interaction 
  1.000000e+00   2.321903e-01
  1.025747e+00   2.273379e-01
  1.052157e+00   2.225828e-01
  1.079247e+00   2.179232e-01
  1.107034e+00   2.133573e-01
  1.135537e+00   2.088639e-01
  1.164773e+00   2.044404e-01
  1.194763e+00   2.001074e-01
  1.225524e+00   1.958631e-01
  1.257078e+00   1.917059e-01
  1.289444e+00   1.875836e-01
  1.322643e+00   1.835446e-01
  1.356697e+00   1.795901e-01
  1.391628e+00   1.757185e-01
  1.427458e+00   1.719079e-01
  1.464210e+00   1.681499e-01
  1.501909e+00   1.644722e-01
  1.540579e+00   1.608733e-01
  1.580244e+00   1.573514e-01
  1.620931e+00   1.538796e-01
  1.662665e+00   1.504797e-01
  1.705473e+00   1.471535e-01
  1.749384e+00   1.438996e-01
  1.794425e+00   1.407028e-01
  1.840626e+00   1.375522e-01
  1.888017e+00   1.344711e-01
  1.936627e+00   1.314580e-01
  1.986490e+00   1.285114e-01
  2.037636e+00   1.256142e-01
  2.090099e+00   1.227782e-01
  2.143912e+00   1.200055e-01
  2.199112e+00   1.172946e-01
  2.255732e+00   1.146452e-01
  2.313810e+00   1.120574e-01
  2.373384e+00   1.095273e-01
  2.434491e+00   1.070535e-01
  2.497172e+00   1.046350e-01
  2.561466e+00   1.022816e-01
  2.627416e+00   9.998362e-02
  2.695064e+00   9.773659e-02
  2.764454e+00   9.553937e-02
  2.835630e+00   9.339216e-02
  2.908639e+00   9.129654e-02
  2.983528e+00   8.924728e-02
  3.060344e+00   8.724337e-02
  3.139139e+00   8.528384e-02
  3.219962e+00   8.338030e-02
  3.302866e+00   8.152359e-02
  3.387905e+00   7.970755e-02
  3.475133e+00   7.793132e-02
  3.564607e+00   7.619919e-02
  3.656385e+00   7.452748e-02
  3.750526e+00   7.289169e-02
  3.847091e+00   7.129106e-02
  3.946141e+00   6.972485e-02
  4.047742e+00   6.820867e-02
  4.151960e+00   6.673312e-02
  4.258860e+00   6.528866e-02
  4.368512e+00   6.387467e-02
  4.480988e+00   6.249407e-02
  4.596360e+00   6.116679e-02
  4.714702e+00   5.986677e-02
  4.836092e+00   5.859347e-02
  4.960606e+00   5.734638e-02
  5.088327e+00   5.615536e-02
  5.219336e+00   5.500811e-02
  5.353717e+00   5.388308e-02
  5.491559e+00   5.277986e-02
  5.632950e+00   5.170054e-02
  5.777982e+00   5.067567e-02
  5.926747e+00   4.966967e-02
  6.079343e+00   4.868225e-02
  6.235867e+00   4.771310e-02
  6.396422e+00   4.678344e-02
  6.561110e+00   4.588840e-02
  6.730039e+00   4.500882e-02
  6.903317e+00   4.414449e-02
  7.081056e+00   4.329564e-02
  7.263372e+00   4.251068e-02
  7.450381e+00   4.173785e-02
  7.642206e+00   4.097704e-02
  7.838969e+00   4.022812e-02
  8.040799e+00   3.951128e-02
  8.247825e+00   3.882651e-02
  8.460181e+00   3.815122e-02
  8.678005e+00   3.748537e-02
  8.901437e+00   3.682891e-02
  9.130622e+00   3.621228e-02
  9.365708e+00   3.560493e-02
  9.606846e+00   3.500526e-02
  9.854193e+00   3.441326e-02
  1.010791e+01   3.384319e-02
  1.036816e+01   3.329911e-02
  1.063510e+01   3.276101e-02
  1.090893e+01   3.222895e-02
  1.118980e+01   3.170295e-02
  1.147790e+01   3.121416e-02
  1.177342e+01   3.073355e-02
  1.207655e+01   3.025740e-02
  1.238749e+01   2.978579e-02
  1.270643e+01   2.932938e-02
  1.303358e+01   2.889511e-02
  1.336915e+01   2.846415e-02
  1.371337e+01   2.803663e-02
  1.406644e+01   2.761264e-02
  1.442861e+01   2.721457e-02
  1.480011e+01   2.682336e-02
  1.518116e+01   2.643465e-02
  1.557203e+01   2.604855e-02
  1.597296e+01   2.567237e-02
  1.638422e+01   2.531452e-02
  1.680606e+01   2.495846e-02
  1.723877e+01   2.460433e-02
  1.768261e+01   2.425224e-02
  1.813789e+01   2.391743e-02
  1.860488e+01   2.358836e-02
  1.908390e+01   2.326073e-02
  1.957525e+01   2.293469e-02
  2.007926e+01   2.261454e-02
  2.059624e+01   2.230828e-02
  2.112653e+01   2.200314e-02
  2.167047e+01   2.169927e-02
  2.222842e+01   2.139679e-02
  2.280073e+01   2.110574e-02
  2.338778e+01   2.081959e-02
  2.398995e+01   2.053451e-02
  2.460761e+01   2.025062e-02
  2.524118e+01   1.996963e-02
  2.589107e+01   1.969658e-02
  2.655768e+01   1.942464e-02
  2.724146e+01   1.915395e-02
  2.794285e+01   1.888461e-02
  2.866229e+01   1.862166e-02
  2.940026e+01   1.836247e-02
  3.015722e+01   1.810456e-02
  3.093368e+01   1.784803e-02
  3.173013e+01   1.759370e-02
  3.254708e+01   1.734555e-02
  3.338507e+01   1.709877e-02
  3.424463e+01   1.685345e-02
  3.512633e+01   1.660967e-02
  3.603073e+01   1.636899e-02
  3.695841e+01   1.613086e-02
  3.790997e+01   1.589438e-02
  3.888604e+01   1.565961e-02
  3.988724e+01   1.542651e-02
  4.091421e+01   1.519407e-02
  4.196763e+01   1.496358e-02
  4.304817e+01   1.473509e-02
  4.415652e+01   1.450864e-02
  4.529342e+01   1.428263e-02
  4.645959e+01   1.405750e-02
  4.765578e+01   1.383466e-02
  4.888277e+01   1.361416e-02
  5.014135e+01   1.339594e-02
  5.143234e+01   1.317577e-02
  5.275657e+01   1.295822e-02
  5.411489e+01   1.274329e-02
  5.550818e+01   1.253099e-02
  5.693735e+01   1.231782e-02
  5.840331e+01   1.210391e-02
  5.990702e+01   1.189297e-02
  6.144944e+01   1.168500e-02
  6.303157e+01   1.147998e-02
  6.465445e+01   1.126999e-02
  6.631910e+01   1.106300e-02
  6.802661e+01   1.085929e-02
  6.977809e+01   1.065884e-02
  7.157467e+01   1.045791e-02
  7.341750e+01   1.025560e-02
  7.530777e+01   1.005686e-02
  7.724672e+01   9.861638e-03
  7.923558e+01   9.669877e-03
  8.127566e+01   9.474096e-03
  8.336826e+01   9.281265e-03
  8.551474e+01   9.092146e-03
  8.771648e+01   8.906673e-03
  8.997491e+01   8.719307e-03
  9.229149e+01   8.526771e-03
  9.466772e+01   8.338408e-03
  9.710512e+01   8.154128e-03
  9.960528e+01   7.973846e-03
  1.021698e+02   7.787720e-03
  1.048004e+02   7.604162e-03
  1.074987e+02   7.424912e-03
  1.102664e+02   7.249870e-03
  1.131055e+02   7.075051e-03
  1.160176e+02   6.896221e-03
  1.190047e+02   6.721911e-03
  1.220687e+02   6.552006e-03
  1.252116e+02   6.386396e-03
  1.284354e+02   6.215017e-03
  1.317422e+02   6.045587e-03
  1.351342e+02   5.880746e-03
  1.386135e+02   5.720371e-03
  1.421823e+02   5.561160e-03
  1.458431e+02   5.397403e-03
  1.495981e+02   5.238364e-03
  1.534498e+02   5.083908e-03
  1.574007e+02   4.933905e-03
  1.614533e+02   4.780679e-03
  1.656102e+02   4.629299e-03
  1.698741e+02   4.482506e-03
  1.742479e+02   4.340166e-03
  1.787342e+02   4.199655e-03
  1.833361e+02   4.053746e-03
  1.880564e+02   3.912516e-03
  1.928983e+02   3.775822e-03
  1.978649e+02   3.643525e-03
  2.029593e+02   3.509421e-03
  2.081849e+02   3.376853e-03
  2.135450e+02   3.248728e-03
  2.190431e+02   3.124909e-03
  2.246828e+02   3.004177e-03
  2.304677e+02   2.881179e-03
  2.364016e+02   2.762462e-03
  2.424882e+02   2.647890e-03
  2.487315e+02   2.537329e-03
  2.551356e+02   2.427128e-03
  2.617045e+02   2.318696e-03
  2.684426e+02   2.214178e-03
  2.753542e+02   2.113446e-03
  2.824438e+02   2.016021e-03
  2.897158e+02   1.918413e-03
  2.971751e+02   1.824435e-03
  3.048265e+02   1.733965e-03
  3.126748e+02   1.646888e-03
  3.207252e+02   1.561525e-03
  3.289829e+02   1.478188e-03
  3.374532e+02   1.398052e-03
  3.461416e+02   1.321007e-03
  3.550537e+02   1.246873e-03
  3.641953e+02   1.172927e-03
  3.735722e+02   1.101908e-03
  3.831905e+02   1.033716e-03
  3.930565e+02   9.682521e-04
  4.031765e+02   9.056075e-04
  4.135571e+02   8.456787e-04
  4.242049e+02   7.881878e-04
  4.351269e+02   7.330503e-04
  4.463301e+02   6.801841e-04
  4.578217e+02   6.312447e-04
  4.696093e+02   5.843880e-04
  4.817003e+02   5.394858e-04
  4.941026e+02   4.964696e-04
  5.068242e+02   4.566885e-04
  5.198734e+02   4.203483e-04
  5.332585e+02   3.855448e-04
  5.469883e+02   3.522235e-04
  5.610716e+02   3.203322e-04
  5.755175e+02   2.921914e-04
  5.903353e+02   2.654872e-04
  6.055346e+02   2.399394e-04
  6.211253e+02   2.155070e-04
  6.371174e+02   1.935536e-04
  6.535212e+02   1.747786e-04
  6.703474e+02   1.568243e-04
  6.876068e+02   1.396611e-04
  7.053106e+02   1.232608e-04
  7.234702e+02   1.105539e-04
  7.420973e+02   9.890297e-05
  7.612041e+02   8.776732e-05
  7.808027e+02   7.712839e-05
  8.009060e+02   6.800655e-05
  8.215269e+02   6.140203e-05
  8.426787e+02   5.508621e-05
  8.643751e+02   4.904878e-05
  8.866302e+02   4.327973e-05
  9.094582e+02   3.991698e-05
  9.328740e+02   3.723394e-05
  9.568926e+02   3.466044e-05
  9.815297e+02   3.219267e-05
  1.006801e+03   -1.000000e-40
  1.032723e+03   -1.000000e-40
  1.059313e+03   -1.000000e-40
  1.086587e+03   -1.000000e-40
  1.114563e+03   -1.000000e-40
  1.143260e+03   -1.000000e-40
  1.172695e+03   -1.000000e-40
  1.202888e+03   -1.000000e-40
  1.233859e+03   -1.000000e-40
  1.265627e+03   -1.000000e-40
  1.298213e+03   -1.000000e-40
  1.331638e+03   -1.000000e-40
  1.365924e+03   -1.000000e-40
  1.401092e+03   -1.000000e-40
  1.437166e+03   -1.000000e-40
  1.474169e+03   -1.000000e-40
  1.512124e+03   -1.000000e-40
  1.551057e+03   -1.000000e-40
  1.590992e+03   -1.000000e-40
  1.631955e+03   -1.000000e-40
  1.673973e+03   -1.000000e-40
  1.717072e+03   -1.000000e-40
  1.761282e+03   -1.000000e-40
  1.806629e+03   -1.000000e-40
  1.853145e+03   -1.000000e-40
  1.900857e+03   -1.000000e-40
  1.949799e+03   -1.000000e-40
  2.000000e+03   -1.000000e-40
